id,sh,rb,hb
0,908.0301934331656,165.90325132384896,379.33640402555466
1,906.860086068511,170.3828220247524,367.55496595799923
2,906.3917434066534,170.72158013575245,378.6822368949652
3,906.1602204889059,166.8739732466638,380.40069475769997
4,904.7871582955122,166.477994954912,390.83744716644287
5,903.2232125848532,167.51825892552733,392.5265013575554
6,903.141664609313,176.55523741536308,363.2304239347577
7,902.2872233241796,170.7879165839404,379.34270341694355
8,901.68462882936,171.22316552244592,389.3145720809698
9,900.4696203321218,173.41856068745255,382.5140946134925
10,900.0868093818426,173.75836037658155,383.18201250582933
11,897.9543588012457,174.18034357810393,371.51453264057636
12,897.9008188694715,168.47120345639996,393.2711796760559
13,897.7257845848799,176.68508148565888,380.3855915144086
14,897.5950823277235,174.2034789007157,383.23144026845694
15,897.5801087468863,171.28950197063386,389.9750386029482
16,897.561733648181,171.20116061414592,390.9981361627579
17,897.4567186623811,167.84531990694813,399.68538793623446
18,897.3695415705442,174.20603401586413,383.153736256063
19,896.5870943516493,175.384587360546,390.840689368546
20,896.5564476639032,152.6993999437196,406.9643691971898
21,896.3335192352533,184.55394196906127,361.3365199007094
22,894.88104532063,180.75809198210482,376.56602782458066
23,894.8417177647352,175.5220830347389,390.487523265183
24,894.8265164941549,177.18980373255908,379.9626318588853
25,894.6059886068106,177.98117750696838,380.72387919574976
26,893.620975652337,160.01294638789258,401.6660058543086
27,893.2720157295465,159.8275408001151,402.0917756602168
28,893.162546852231,163.33482325184158,402.31210372298955
29,892.6956631332636,154.97464146292768,405.2710463449359
30,892.4841891318559,154.76395022417418,405.7306678339839
31,892.4519275814295,152.76573639190755,407.6248357191682
32,891.7589466422796,171.76654016785324,397.67313615977764
33,891.0177325338125,175.87917642816902,383.1315380677581
34,890.7921917766332,175.88173154331744,383.0538340553641
35,890.3984235912561,172.16120893019252,392.73090618550776
36,889.8945686668158,174.34005065704696,390.9637431278825
37,889.599727371335,180.71356358821504,377.10619786828755
38,888.9593707770109,179.43364258669317,381.47397995740175
39,888.512123259902,173.61134700253606,393.5549398705363
40,888.4244015544652,176.38021855205298,391.02841212302445
41,888.4077711552382,183.72608264675364,375.06834311038256
42,888.3612353056669,175.12065704423003,396.64473520964384
43,887.4838205903768,177.06316260769964,384.3465902402997
44,887.2599778026342,177.80433760397136,387.3075633123517
45,886.7407658189535,184.60160149533766,381.7502140834928
46,886.3606567233801,175.52403683657758,392.1787953004241
47,886.0169334799051,155.1877645255532,407.54906684607266
48,885.9679755061865,184.5725821195403,381.82058034688237
49,885.8371451586485,185.24646891925948,382.8984298542142
50,885.2946402877569,182.03235935233533,386.69606751948595
51,884.4063524097204,184.81063823569565,383.90415201932194
52,884.0674090117216,177.00363716445864,391.900147382915
53,882.5430096238852,188.47273128665984,363.744360871613
54,882.4620126932859,185.03634709259495,384.18389750272036
55,882.1780269950629,173.5256713273935,400.7768666133285
56,882.1417227238417,185.06533802999184,384.07138312608004
57,881.9161819666624,185.06789314514026,383.9936791136861
58,881.5606794446707,173.68202183982356,401.0828548654914
59,881.1347663849592,174.7995702624321,396.699269734323
60,880.9283352941275,191.09182954579592,360.54534601420164
61,879.9080781787634,177.1588688667398,387.92832358926535
62,878.7789167612791,177.80629140581004,388.99883534759283
63,878.7780075520277,186.1316142361611,372.6312076225877
64,878.6020610183477,182.265354802832,388.8577134087682
65,878.5890035003424,177.38153316569515,390.6108759656548
66,878.012885966897,187.69250812078826,369.8226121559739
67,877.9691602379083,185.3023506521713,372.7635735616088
68,877.7318903654814,178.59314958006144,395.6509225293994
69,877.3078878492117,183.5104257879546,397.8982694655657
70,877.286382958293,191.03485921770334,368.021199144423
71,876.736563679576,183.56041559071747,394.80446999371054
72,876.1696824282408,188.88897584192455,371.93004141002893
73,875.8381885319948,184.7554927315563,391.1494475275278
74,875.5323977857828,187.85509174014442,377.68392317444085
75,875.1519447416067,186.63462034007534,379.50002454966307
76,873.9780117720366,192.21629028208554,369.3139553293586
77,872.4580136030912,171.29137269700877,401.6222955331206
78,872.2884389609098,190.58561763726175,371.45317459851503
79,869.8071551710367,192.5164779543411,369.5490326628089
80,869.7897473067045,196.39875823473557,369.9235009685159
81,868.1470557540655,173.56756731416098,402.00009975284337
82,868.1470557540655,173.56756731416098,402.00009975284337
83,867.6514676302671,185.5028121891897,387.0253419175744
84,867.261727759242,185.46239462648518,387.0908828869462
85,866.2229626506567,192.95649287067354,391.89077909737824
86,865.3372564762831,199.31350659392774,386.3505372032523
87,862.9074098199605,195.70136049352587,389.16547485142945
88,860.8189645797014,199.89627348647917,366.8136859074235
89,860.2096113234759,199.69068786602003,367.015905661881
90,858.4629533559084,195.84950502084104,386.57009042650463
91,858.2837471753359,200.1813068708172,364.379416911304
92,857.6804385453463,200.50063831307926,374.9835739269853
93,857.5201230794191,213.50186212942936,369.71065212693065
94,856.2676495164633,175.54687278005295,399.7874023154378
95,855.4391103059054,205.60382772663144,373.5819391220808
96,855.2135695487261,205.60638284177986,373.5042351096869
97,853.2809701949358,201.01538017080165,376.37473293095826
98,852.6826079159976,197.0226005078992,386.9629080876708
99,852.3670271784067,227.2308461763896,301.481090455316
100,851.8116597384214,224.06514239730313,325.5662051131949
101,851.4886178225279,225.58760258974507,327.6115247597918
102,851.3725988060236,177.25766517375595,400.99085869044063
103,850.7143469721079,197.41346856073943,386.391349850595
104,850.6040689736604,204.97388490722514,375.4428603321314
105,849.6747135013342,200.73584108811338,378.15162081718444
106,849.5101149350405,206.35942653806416,371.23199217617514
107,849.2148710638285,199.6091066537192,379.6380735710263
108,849.2143725305796,204.18997554609086,377.31161810457706
109,849.2123104482889,204.38962416478898,380.1836143285036
110,848.7962449342012,229.98933706665412,321.0216726651415
111,848.5911919027567,200.06150580511894,380.30646649748087
112,848.3733675330877,228.6267190692015,324.6844734242186
113,847.79712061584,231.0749741946347,321.1210620990023
114,847.7318689674139,229.09204391064122,325.371963291429
115,847.2619438916445,229.62591085815802,323.60956865455955
116,847.2127919346094,208.7564805096481,377.1618848890066
117,846.5685166567564,229.70952145615593,325.93041118141264
118,846.3614362627268,228.6393519421108,326.9607620155439
119,845.7715722471476,200.76273421326187,380.8219705596566
120,845.5873490720987,229.7598425098695,327.54037317540497
121,845.5568210333586,234.13714694278315,317.40143047180027
122,845.2322748452425,229.28677448118106,328.03127377387136
123,845.0312991291285,232.88851767824963,325.1899322262034
124,844.5283087342978,232.74923186050728,331.0170550933108
125,844.3334244340658,233.31978569412604,330.2889956375584
126,844.3266848176718,233.68475669855252,329.8725077053532
127,843.339895799756,226.300162790576,361.0666566407308
128,842.1235582083464,233.28579550096765,331.1615955075249
129,842.0835568755865,233.99143445352092,318.95678619947284
130,842.0768172591925,234.3564054579474,318.54029826726764
131,841.7844729870558,236.0157526587136,328.8885519942269
132,840.9943967908621,233.9332180400379,332.2321072658524
133,840.8645151108503,228.96309718419798,334.78465299960226
134,840.6393225640059,233.46015001134947,332.7230078643188
135,839.849709585309,229.87430643872358,359.34074740763754
136,839.3797224611044,236.55231629917398,329.033092408441
137,839.3329815119505,237.62292625615373,316.41179516818374
138,838.2573006600142,236.83476783381775,330.5200920989737
139,838.2505610436201,237.19973883824423,330.1036041667685
140,837.6090624779463,237.66506367968395,330.7910940339789
141,836.6014476567507,236.76609175861813,334.6758825471625
142,836.5829614251852,233.3159366848413,343.24862164165825
143,836.4906924515963,211.18970878631808,378.70472814142704
144,834.6506976932287,237.0083218072541,331.5359406610951
145,834.3561604470015,238.14502423303202,330.95646691229194
146,834.0010862201452,237.6719562043436,331.44736751075834
147,833.9273933917284,239.04563454003073,331.2630884340033
148,832.9308205991983,239.03789135278203,332.4414788996801
149,832.7628990858793,237.56670627044514,334.6949085285887
150,831.9709131270647,242.74793344677892,328.475249200128
151,831.706162378192,235.3334684674628,335.24976363778114
152,831.0194075554609,239.0921990950592,330.26079641189426
153,830.6877928346396,237.9699778084643,334.55016676094385
154,830.2886160761118,235.9511326046195,339.2828946104273
155,829.8086587637663,235.9551498889923,339.09738550987095
156,829.5541832000017,234.0017875356134,340.6180252721533
157,829.3065062612295,233.63827870041132,340.9267081161961
158,829.2997666448355,234.0032497048378,340.5102201839909
159,829.1830335110426,236.39822437800467,338.5767687400803
160,828.1022246629,238.04857768840156,335.48707860615104
161,827.866393044591,242.81426989496686,329.1357157221064
162,827.6613018065691,232.88093867874704,344.1964098280296
163,827.4001456350088,233.24737185239792,343.67211680766195
164,827.0289369374514,233.68898417218588,343.2593051260337
165,824.6903087049723,231.33626317162998,348.4709574421868
166,824.0972296446562,237.8840791725088,337.10710010584444
167,822.0929312855005,233.32867266424,344.38770683761686
168,821.3822808355093,238.04756182655692,337.756035043858
169,821.2001224905252,234.91040681977756,346.7450482090935
170,820.7566555827856,238.49063631556928,337.23541827406734
171,818.2760675400496,238.36111736972816,344.8051976626739
172,816.3486597687006,241.9477372651454,339.5900285532698
173,815.6958166211843,230.0820944979787,348.70137673523277
174,815.3402735561133,240.02878992408515,342.0205964019522
175,814.2375229746103,243.78707935265265,340.6066331556067
176,814.2310076802969,230.35018197260797,350.03829464223236
177,813.9028500169516,143.01149566972163,409.99067824333906
178,812.821499094367,144.1012910505524,412.42726292461157
179,812.5400773137808,232.09642390650697,347.9811420207843
180,812.3397747725248,231.80217504990287,348.1828891104087
181,810.664534136653,231.04177453299053,350.04209030326456
182,807.4028791934252,147.61010533256922,411.32196006923914
183,807.40058799088,147.8319371311227,414.5130669847131
184,807.3833996504545,234.542124529602,351.7574023893103
185,806.7506428331137,243.4948876135517,341.8171681782231
186,805.2996243089437,155.42109548917506,402.62126050144434
187,805.037239715457,232.40146094118245,352.84335023816675
188,804.9503650218248,232.26379631343298,352.8830649321899
189,804.706631347537,232.48553621326573,352.47060743626207
190,804.3803032487631,155.44845113775227,402.63284120708704
191,803.7078534811735,230.42570703779347,353.7692455118522
192,801.9357192367315,156.05524772277568,402.4907363727689
193,801.7646430581808,154.65630426362623,409.7828270792961
194,801.2136294394732,149.53342585882638,414.1427199617028
195,800.7603523880243,149.15435125364456,414.89080794900656
196,800.5286004990339,156.25503111735452,404.70972153544426
197,800.1525981873274,156.2569683539914,404.62849858403206
198,799.2644475817681,127.1181910397252,414.90601961910727
199,798.8698549717665,156.51557608798612,404.24543845653534
200,798.28304874897,124.14060690982733,415.330954182148
201,798.1009419202804,214.6692754520569,362.80967107117175
202,797.6804457902908,122.7008546291152,415.60898302793504
203,797.6314336359501,122.7562040726887,415.7135873913765
204,795.8872581839562,125.16720257566776,414.91461192667487
205,795.3824465721846,150.44822234569583,410.7166452839971
206,795.0836501568556,149.70746178089175,411.2220203712583
207,795.033486649394,150.26281675791833,411.1424150899053
208,794.5369645804167,150.94377865225542,410.49047154039147
209,794.4596536248922,236.37955036167986,349.28881806787103
210,793.6667333394289,158.0535481433617,407.9455711096525
211,793.2845306247473,157.80376939021517,408.1196424514055
212,792.5870606899261,120.35493499024305,417.88001735806466
213,791.7889882922173,137.30326075789054,421.850636947155
214,791.3832819938659,137.3161670517875,421.80905131697654
215,791.1441007941961,239.1244179845322,346.56351382192224
216,790.0883432775736,151.3432559208246,411.29947170466187
217,789.9031375288963,136.0375945086824,422.0094050973654
218,789.8894970297813,136.09831914075184,422.14489289820193
219,789.7393833547831,151.1578503330471,411.7252415105701
220,789.685006415844,140.11931062976365,421.8370224624872
221,788.9884447306395,151.84027439660858,410.96549287289383
222,785.2953121840953,147.70989122011233,414.95843061506747
223,784.8855510830879,141.63006977878976,416.43934380710124
224,784.7373720765114,140.41461499410215,416.91159720420836
225,784.0574335455894,141.9242091705324,416.4288060516119
226,784.0251857608557,158.6068118543597,405.46134769022467
227,783.9756222248077,141.93986402873415,416.3795878559351
228,783.4206207752228,140.51201477090362,416.82077543139457
229,782.9875565946102,148.5356966271298,415.01029970943927
230,782.8141288131476,158.33895485878458,405.80769028365614
231,781.8229590058327,149.69995673105586,411.9806556478143
232,778.2361801117659,149.78078862742987,412.8108521163464
233,777.6105548590422,150.22386311644223,412.29023534655573
234,777.4625610262156,150.82096460179892,411.7507851108909
235,777.3850141018629,150.22641823159066,412.2125313341618
236,776.6238754361868,152.74954292203765,410.8921548828483
237,774.6177080720663,143.74634101891425,417.3316552847624
238,774.2441734820604,144.34599761941936,416.7145010367036
239,774.0000400394201,142.27059493118432,417.61663485169413
240,772.5318950116634,251.941331962822,291.9673588043079
241,772.248532178998,145.56091491931585,417.25451588779686
242,772.1537838727236,152.1227928902721,411.05737510174515
243,769.7175345450639,146.7209024620941,416.1230778560042
244,767.2232640534639,150.93113937133458,415.0887159243226
245,766.48150844872,146.89989601725247,417.9850210681558
246,765.2174576669931,142.28694407546428,418.89947290569546
247,764.9186612516642,141.5461835106602,419.40484799295666
248,762.4455273777246,143.90034607851413,420.5494861617684
249,761.9276611953974,245.02571595006157,298.23616267647594
250,761.4255805760622,246.52202336967457,305.53788196947426
251,760.9299198240042,246.52442950673867,305.4807918211445
252,760.5539175122976,246.52636674337555,305.3995688697323
253,758.0526046156883,158.94008742761798,404.8491294234991
254,757.0968670248985,160.22742637363262,404.5660244971514
255,755.459786131978,247.13525364396628,293.89402185287327
256,755.0837838202715,247.13719088060316,293.81279890146106
257,754.9887446016073,247.43809710477944,292.6454211389646
258,754.8582430630922,247.13974599575158,293.7350948890671
259,754.1991287618876,247.05989322660025,302.82300071325153
260,753.8333174139261,140.76142986023333,422.1995644107461
261,753.4019301682711,247.42003188759554,293.664514943026
262,752.5357636958361,247.48030889802612,294.5292464112863
263,752.1771174818277,247.50373535626568,294.5180308436975
264,752.1313098222017,249.09103951521683,293.3245853325352
265,751.58943118155,248.81400366162416,303.6310878833756
266,751.281217738986,251.03914909355808,293.73002844210714
267,750.6936453133821,248.6890878371196,304.5562432622537
268,750.4956418722868,240.871948147309,342.97484166175127
269,750.0921022444963,248.6935801889049,304.39731629844755
270,749.9092358201742,251.52879820310045,294.1047537326813
271,749.7382299274207,217.47367859811055,362.5021196484566
272,749.6745892316103,252.59542814444285,275.2850718488917
273,749.5933626741171,240.66983337153215,344.360070027411
274,749.4937620609999,252.46463673142716,282.2872614553198
275,749.3678219169378,240.67238848668057,344.28236601501703
276,748.9175971597433,241.08473721786868,350.3305209055543
277,748.6783567219973,250.4971218063729,302.1489210128784
278,748.5532313734293,248.70492499344982,304.90492443647236
279,748.2065658420324,251.31442634307314,295.16866201069206
280,748.0595629960299,251.82494780339766,302.51288028713316
281,747.9285320490599,252.16241803311277,294.8827702468261
282,746.9666094630957,252.41483405523468,293.59092511888593
283,746.933881148696,246.64184455142822,305.78844462987036
284,746.3737150877714,253.2093656017678,293.50673407968134
285,746.342066898942,253.58221018419135,282.00076127704233
286,745.91369356215,247.01766704313923,306.20719206985086
287,745.7195383161306,255.93592468940187,294.0001488318667
288,745.3608921021223,255.95935114764143,293.9889332642779
289,745.3528882712126,255.7262136557838,301.92155914660543
290,745.3502792268991,245.3603328721365,307.07814823742956
291,745.2263453751802,250.7206400457071,303.43743983563036
292,745.1247384697199,245.36288798728492,307.0004442250356
293,744.945273950696,255.7268762878375,301.8508628671989
294,744.8478531390429,250.63606128946412,303.82925536390394
295,744.7012701779604,251.26188072853256,304.7277365392074
296,744.3461959511042,250.78881269984413,305.2186371376738
297,744.1076555997133,257.5451609949814,298.8375941654667
298,743.8375767022371,257.28806817822624,300.2142260214314
299,743.749009385705,257.56858745322097,298.8263785978779
300,743.6680776625872,253.3748944151448,302.19751583691686
301,743.644533470273,249.02864292555023,305.28259164839983
302,743.6073490530252,255.9812295465963,300.4777947878465
303,743.3904569894075,256.7738238564925,300.4748267000541
304,743.3875721544027,246.2901841282146,309.3259294619784
305,742.8093115836382,255.90350861020852,301.5227574920282
306,742.6157469600439,251.4563461827347,307.1411598091945
307,742.3018729239702,251.96921315707732,302.9243009388447
308,742.0206002444029,255.97467499726918,304.2811587071046
309,741.6129859238863,255.9753376293229,304.2104624276981
310,741.5590102523565,249.22310837975238,307.69601491838694
311,741.413850620389,251.73516990535427,307.1783849513158
312,741.3323519527912,160.32445612107404,405.75126722082496
313,741.2319069057703,254.69074118428398,304.5566197177395
314,741.0114428550005,255.9798299811082,304.0515354638919
315,740.8781903773546,217.29222877712454,365.8960752397776
316,740.5537886172533,257.27682289958466,301.5354984169826
317,740.5510404497385,217.11841103858313,366.2952344328165
318,740.1533783346415,216.9301426908467,366.4587835878134
319,740.0704008311034,217.297313257982,365.44953589439393
320,739.7642915397882,252.02434310677927,306.022200784646
321,739.4672839194536,257.5967586032348,300.6412199139595
322,739.456625893712,257.0267775497632,302.67549929674715
323,739.2147553831339,219.21066037467682,364.62720523625615
324,738.8612213879824,259.7190496783005,299.28784437384456
325,738.8334623873234,158.97492383955978,407.7383163124323
326,738.7797683030367,254.87102987163235,305.1350219761953
327,738.4149780571461,163.14222220820375,404.05675091966987
328,738.408008530736,246.21393462561537,309.5091418540105
329,738.2375422269106,260.17144882970024,299.9562373002991
330,738.2246782332659,249.2037153489655,307.95734832342714
331,738.216330319643,153.03791504749097,412.17159594222903
332,738.093907982111,162.47754278522916,404.31087335944176
333,738.0111541748047,152.46027121483348,413.05463989079
334,737.8507658541203,159.17129436158575,406.97615510970354
335,737.490029707551,249.22907904384192,307.86490980442613
336,737.4017319381237,162.5692549769301,404.4024530351162
337,737.1260346919298,249.83363998157438,308.99892733152956
338,737.0366754680872,252.7820886123227,307.3751026010141
339,737.0108992606401,260.67095792025793,299.8137015393004
340,736.7992674857378,254.82825398177374,306.1238201772794
341,736.7548568993807,253.05233626358677,307.2829240998253
342,736.7500323802233,249.83557721821126,308.91770438011736
343,736.3115156888962,153.12833409500308,412.8307632058859
344,736.2126247674227,218.3495325786527,364.7662865057588
345,736.1253239661455,256.3423050615238,308.8017667895183
346,735.7496309578419,159.0648973409552,407.2629700601101
347,735.2937194854021,250.11586311005522,308.84712443407625
348,735.1395530998707,154.6077623856254,409.940260078758
349,734.8395867496729,259.9913144981256,301.0454066535458
350,734.6897922307253,261.6721269461559,288.6534153511748
351,734.5837057977915,248.19660271320026,312.3448254233226
352,734.4963547289371,155.9012556266971,409.68588599190116
353,734.3657754957676,160.34552068659104,405.5630158036947
354,734.1925777792931,156.68209527852014,410.2130217514932
355,733.9670370221138,156.68465039366856,410.13531773909926
356,733.9657755196095,160.5864165390376,405.0744470767677
357,733.9564442783594,247.47703285131138,312.8513211822137
358,733.7372167408466,160.68128984817304,405.16859666630626
359,733.65124091506,160.44926187139936,405.67449194192886
360,733.5116759836674,160.68384496332146,405.0908926539123
361,733.4646307080984,250.1608875071397,310.775135435164
362,733.3564820587635,154.40022012242116,410.4556894414127
363,733.2703233063221,163.2403907154221,405.1151926442981
364,733.0080425441265,161.74275511247106,405.420117855072
365,732.9513535648584,261.76505559973884,301.4223844772205
366,732.9116770923138,163.26381717366166,405.10397707670927
367,732.34602163136,217.56523982114157,366.7439984813333
368,732.3410387188196,252.35113166261,310.46510311122984
369,732.0202157646418,262.3596040169941,299.37795538362116
370,731.9212668389082,244.15860925335437,339.2553284317255
371,731.8828924447298,262.4602158992784,288.4911054139957
372,731.8717139065266,154.17946077184752,413.2052792310715
373,731.4694167524576,252.0985311976401,311.68280800338835
374,731.39653660357,262.81200316839386,300.0463483100757
375,731.3915990382433,219.40020260638556,366.10081593543293
376,731.3534400761127,158.72157682897523,407.9136656783521
377,730.5386836826801,160.41277318098582,407.9239227361977
378,730.2420401722193,262.9710820041364,298.12612920161337
379,730.1031195372343,260.7163696057396,302.61674775835127
380,729.9554542601109,161.95877386676148,406.57601407170296
381,729.8693405091763,160.82304488541558,406.7910267300904
382,729.8440065830946,263.53095706843305,297.1803007265553
383,729.7797047942877,254.52370131516363,310.10116112884134
384,729.7138516157866,259.8534205754986,302.63841461297125
385,729.7135050445795,263.2326059594052,298.2699744766578
386,729.6757745742798,154.9254490812309,411.1602972447872
387,729.6184658259153,263.5335121835815,297.10259671416134
388,729.617543771863,259.9449504680233,304.1973221069202
389,729.4879642874002,263.2351610745536,298.19227046426386
390,729.415933161974,151.0334279651288,414.3982754200697
391,728.8919520378113,158.37800299469382,408.8941093683243
392,728.8656456768513,156.5228914101608,410.98574697971344
393,728.8562625199556,254.75938589859288,310.2115685781464
394,728.8353344351053,255.2343911639182,309.6394450282678
395,728.7434993237257,259.22900071379263,304.4541780492291
396,728.7229680866003,252.2904635121813,310.65601623803377
397,728.4802602082491,254.76132313522976,310.1303456267342
398,728.1122502535582,244.81182194221765,350.21938590705395
399,727.8983812630177,162.09964447957464,405.70108326524496
400,727.7831316292286,162.6480664734263,406.29506903141737
401,727.5992142111063,257.3927304254612,307.3359763165936
402,727.5490543842316,164.87699772464111,402.56753319501877
403,727.210608959198,165.39731229050085,403.1797716319561
404,727.146211668849,263.65035369002726,301.744577630423
405,726.838711887598,163.8682037112303,403.6033907085657
406,726.8352897614241,265.58216673636343,297.5372365852818
407,726.6697063446045,157.2688797195442,408.9407649934292
408,726.419624298811,159.60230556176975,408.55523078143597
409,726.2974714189768,263.32792571850587,302.73844522889704
410,725.9056698977947,159.10635271715,408.8752669841051
411,725.88117441535,160.06067119562067,408.31076941639185
412,725.8405848890543,251.932083163294,311.7257614945993
413,725.7109896689653,252.6763057244243,310.35486426204443
414,725.5668617874384,251.1697109115543,313.433801497519
415,725.4980555772781,159.10701534920372,408.80457070469856
416,725.3982311934233,264.1319837133633,298.9824386080727
417,725.3042025715113,252.3361105659278,311.02622527629137
418,725.1866926938295,245.13309383552988,315.6649596273899
419,725.0688008069992,165.47100930521265,402.29714864492416
420,724.8951528817415,260.3546757904114,305.5498297056183
421,724.5731400549412,165.47341544227675,402.24005849659443
422,724.5278971344233,254.76820747170132,310.3151907613501
423,724.2144938409328,165.4968419005163,402.2288429290056
424,724.0998147577047,260.1031604745658,307.25055122282356
425,723.7157993465662,263.0325912620174,303.88545209821314
426,723.6337610632181,254.48527873877902,314.4522945061326
427,723.4902585893869,263.0351463771658,303.8077480858192
428,723.3043017536402,256.9116769285174,313.2906991010532
429,723.1351843625307,262.56207834847737,304.2986486842856
430,723.1142562776804,263.0370836138027,303.726525134407
431,722.9967039823532,269.12803856655955,318.8558661751449
432,722.8728329390287,269.76112818263937,310.8740828745067
433,722.4922761112451,219.90899395807645,364.61677346974614
434,721.0342849493027,268.6245128591545,320.7106464020908
435,720.6821770370007,163.68615117366426,403.6503710895777
436,720.2548971176147,269.80891485884786,322.61333064362407
437,719.8788948059082,269.81085209548473,322.53210769221187
438,718.1923541277647,272.61398726247717,308.4430651925504
439,717.9829163044691,217.66483693269547,371.64606190174817
440,717.903259858489,278.2598136950983,309.43561206385493
441,717.1785954087973,278.6193914436735,314.039329033345
442,716.7661554664373,279.8687406986719,314.15758756920695
443,715.8143430799246,280.1223582457751,314.1744582168758
444,715.438340768218,280.124295482412,314.0932352654636
445,715.199944972992,271.48539094626904,320.7582180313766
446,712.6839121580124,272.94253696873784,328.99699227139354
447,712.6692342609167,276.77260056184605,318.549846958369
448,712.4856108427048,273.6671946235001,328.9942785911262
449,712.2131608426571,271.4797685260419,329.6238824389875
450,711.8055465221405,271.4804311580956,329.55318615958095
451,711.0931422412395,282.1395349492086,308.8614388220012
452,710.8703179359436,166.0572690262925,402.1873599290848
453,710.5974814891815,282.1419410862727,308.8043486736715
454,710.2150207608938,280.45940563827753,316.8172877766192
455,710.1015943139791,280.5695336763747,317.6560099758208
456,709.2271508872509,283.2004620641237,307.8822840861976
457,708.1623538285494,280.6388456564164,313.7407946921885
458,708.1093171089888,278.6880730158882,319.656741861254
459,707.5024880766869,285.86313226108905,302.7280229590833
460,706.6464796066284,285.67138234560844,304.0422139726579
461,706.2704772949219,285.6733195822453,303.9609910212457
462,705.5416771620512,282.4850061304169,318.76290487870574
463,705.0855631232262,167.548171087401,402.57968109473586
464,704.6605452746153,278.16697979636956,320.76065174117684
465,704.4319864958525,278.261853105505,320.8548013307154
466,703.18963098526,286.7055126618361,305.0202672742307
467,702.492832750082,288.10679700633045,304.7446953468025
468,702.3909349143505,278.237484342535,324.8381340019405
469,702.3186960667372,285.1188410342438,312.13083139434457
470,701.708302423358,280.1200540951686,322.6534068621695
471,701.6934094727039,283.8948931611376,320.4617864303291
472,701.6508971750736,288.58557411201764,317.6479895077646
473,700.866543263197,285.596497333725,320.70287457481027
474,700.6496527642012,287.10176806815434,320.06030948087573
475,699.985411375761,281.27847099967767,322.70062143728137
476,699.7568525969982,281.3733443088131,322.79477102681994
477,699.3245365470648,281.6698013833957,323.3993352241814
478,698.7940047681332,282.5245023169555,322.811198245734
479,698.4634734392166,291.2113009567838,316.9622670151293
480,698.3842577785254,289.1565235357266,320.5127922706306
481,698.3111856281757,291.6648867841577,301.3993937112391
482,698.2349146604538,291.30617426591925,317.0564166046679
483,697.7583480328321,280.8239894072758,323.42474875226617
484,697.6016454994678,282.82821828790475,323.4465497992933
485,697.5381164252758,292.7074586104136,316.78084467723966
486,697.5318576991558,280.76162779994775,323.72960610315204
487,697.4755129814148,281.62861623847857,323.6596811078489
488,696.3108470141888,283.7081716126995,322.4571279324591
489,695.9745188653469,290.21325927146245,322.00027917698026
490,695.8611450493336,279.61321775848046,323.8100478462875
491,695.6356042921543,279.6157728736289,323.73234383389354
492,695.6196527183056,279.26768273778725,324.6472222916782
493,695.4290819019079,285.7222892816644,322.4411459378898
494,695.0915712416172,288.35380900569726,322.31421672180295
495,694.9642177522182,284.5585609144764,322.8357691206038
496,694.3259245753288,290.5487246091943,319.3664737679064
497,693.9183102548122,290.54938724124804,319.2957774884999
498,693.8702636063099,282.8885241498938,324.0469739101827
499,693.5882306396961,276.3212463054806,325.05835903808475
500,693.0679643452168,283.41270598815754,322.8385068513453
501,692.9026304781437,285.28088310570456,322.49232928827405
502,692.3988844752312,283.2449180475669,324.41346329823136
503,692.0164271593094,277.49163882643916,324.9886227808893
504,691.7701433897018,276.03287612856366,325.60489827021956
505,691.7020862400532,284.64620239206124,324.1378913708031
506,691.6088128387928,277.4923014584929,324.9179265014827
507,691.5345443785191,292.0991345294751,320.0417058505118
508,690.7576186060905,280.35360548179597,324.7762412391603
509,690.6540649235249,285.3103044447489,322.7398910112679
510,690.5275049209595,284.8521762602031,322.76632687821984
511,690.4285241663456,285.31285955989733,322.66218699887395
512,690.4220221936703,285.4341747100698,323.8306592144072
513,690.3572084903717,283.94000194140244,324.85303853824735
514,690.2836965620518,283.6345675685443,325.047462079674
515,689.8816523522139,235.66757402436343,350.68532836288216
516,689.7880358099937,283.6369737056084,324.99037193134427
517,689.4120334982872,283.6389109422453,324.90914897993207
518,689.3180381655693,284.2771111271577,325.47273955121636
519,688.9579449892044,278.9495815746486,325.5126151256263
520,688.7293862104416,279.04445488378406,325.6067647151649
521,688.3466813266277,277.5799429360777,326.22004875168204
522,687.9637483626605,234.71026831918863,351.19944275021555
523,686.7881571054459,277.592792395968,326.73673367127776
524,686.5709469586611,231.18974962942303,354.045066228509
525,686.4495595663786,246.87673308083322,335.446814095974
526,686.4414906650782,220.584801636287,365.712634883821
527,686.1229523807764,233.42093968035186,352.0309695363045
528,685.4507363528013,221.34352462354582,363.50758775025605
529,684.8835915923119,285.18528679106385,324.8639764972031
530,684.2706384152174,221.36304213304538,363.25853477865456
531,684.2615061670542,232.13991214609706,353.38789988160136
532,683.2560718268156,251.4736827028217,330.6902843296528
533,683.1144917100668,220.7012222892372,364.48916458040475
534,682.6561733692885,223.07764247369488,361.8394254997373
535,682.0276031166316,235.88019556605724,351.43432750403883
536,681.0210620611906,223.8392999988282,364.61635599285364
537,681.0011554628611,234.45135174780154,351.80940920710566
538,680.770967528224,223.775041806628,364.8920030668378
539,680.6931453615427,232.83433874063195,352.26387186944487
540,680.4795431494713,285.551997468574,324.58955520763993
541,680.120896935463,285.5754239268135,324.5783396400511
542,680.0866412490607,223.31163226121572,364.99819953590634
543,680.080912321806,278.1006719712168,326.80756666883826
544,679.5139055222273,218.73105905095582,368.1511805415154
545,678.497550368309,281.9914619184565,325.79022770002484
546,678.186984834075,232.20988443419338,353.1443738102913
547,677.8809970974922,247.6242671993794,339.4429281309247
548,677.8724158078433,231.05805849768223,355.16935125589373
549,677.7496879786253,223.97101356450003,363.3695148125291
550,677.7331156998873,232.59616475640797,352.92797032594683
551,677.5498634845019,235.66464636190796,351.4603664040566
552,676.7693806558848,234.05110822706484,352.86761040091517
553,676.7262732803822,248.41056989373175,339.33696642369034
554,676.4675169348717,247.89630938852207,339.3744240656495
555,676.3927726715804,227.370293392404,359.70535768419506
556,676.1589030891657,231.13306928665844,356.11577135920527
557,675.9518341988326,227.77354479075876,360.6509070530534
558,675.863461342454,232.70179610566703,355.4077563941479
559,675.740143057704,227.75622751803604,360.689577652514
560,675.7242313593626,227.9757485246053,363.445199264586
561,675.2323493868113,218.86444209825714,366.7563612788916
562,675.1517624020577,247.339620617521,340.48252813071014
563,674.7913604229689,254.26025287481025,339.40301475673914
564,674.3806899756194,256.1565567363985,340.4722854629159
565,674.1576241701841,256.1770967361517,340.32851979881525
566,673.9239484339953,234.82492937981152,351.8692716121674
567,673.6250064969063,245.64921493036672,341.80665120482445
568,673.0591401129961,231.18727220706643,355.6037719458342
569,672.8947108358145,228.53004867078272,359.6912388637662
570,672.8808612197638,228.54992105865387,359.57486425191166
571,672.5498293310404,236.57135864808225,350.4263798207045
572,672.470845541358,251.62306549896022,341.83992269933225
573,672.0969326168299,235.50339982863517,351.50197759866717
574,671.7652660608292,249.59469208680093,345.7854346781969
575,670.6408078074455,251.59658753871918,342.25614035129547
576,670.4284782856703,252.40939603745937,344.31541592627764
577,669.8774438172579,231.04024098308292,356.38850317001345
578,669.4074103683233,251.74275143444538,349.0516920760274
579,668.4825254946948,232.97793677188457,354.3737502753735
580,667.4391494244337,252.1336194872856,348.4801338389516
581,666.7183344960213,249.79455067962408,353.2803284972906
582,666.58143620193,253.28892366960645,348.2260653153062
583,666.3678994894028,250.03474069125951,353.36184625923636
584,666.2256355404854,252.29450419135392,348.6762791275978
585,666.1448336839676,250.05528069101274,353.2180805951357
586,665.9653156369925,254.81242559566164,342.59986282736065
587,665.7532907992602,232.69329019002618,355.4133502751589
588,665.6401149481535,253.59441505139694,353.5365544781089
589,665.624418541789,253.84381219791248,355.41291684657335
590,665.6190690815449,348.3617303927429,213.5088252093643
591,665.3125724166632,231.2405075404793,355.456018871069
592,665.0616754740477,256.93773309187964,332.74247459322214
593,665.0478258579969,256.9576054797508,332.6260999813676
594,664.8244462102651,228.1724030358484,360.2414305344224
595,664.5974963754416,257.28333443263546,343.32539895921946
596,664.2549042701721,255.04293750063516,347.6970912255347
597,664.2313649952412,257.9490289732348,345.8815607242286
598,663.4639168232679,254.33872557245195,354.5754751637578
599,663.0687522143126,254.00825027562678,355.22765443474054
600,662.0506920784712,254.44708776725457,354.3881476059556
601,661.9990893274546,233.20365111455322,356.46784473061564
602,661.8414758890867,254.44775537913665,354.3607565537095
603,661.8406736820937,255.14764327062295,347.287176682055
604,661.827626273036,254.4676277670078,354.24438194185495
605,661.0531601279974,228.4172183895251,364.13018341213467
606,660.7848926723003,294.11758594000713,310.259440112859
607,660.6605757445097,255.16716078012252,347.03812371045353
608,660.5563338935375,294.21245924914257,310.3535897023976
609,660.0151449888945,253.8176323529333,355.67938504368067
610,659.7322734445333,256.83921882370487,350.2055619433522
611,659.5578539669514,262.1600896513555,344.16929986700416
612,659.2590108662844,268.1420640202705,335.0552352629602
613,658.3950456529856,349.9669475420378,215.16813054680824
614,658.3927040547132,253.926662159618,355.4646664336324
615,658.3788544386625,253.94653454748914,355.3482918217778
616,658.1406290978193,349.9684097112622,215.06032545864582
617,657.6370279639959,256.94636829197407,352.5822694078088
618,657.6147435456514,267.3201860936824,336.88389053568244
619,657.5185968965292,229.67842101880814,360.05100886374714
620,657.4245508849621,293.6098540850915,311.3350446112454
621,657.2529394179583,266.44159729615785,345.60791738703847
622,657.2000730782747,267.0620028304402,341.6917916499078
623,657.0765913277864,267.6495978238527,342.32820497080684
624,656.5561411827803,267.8428816406522,345.3323454596102
625,656.330600425601,267.8454367558006,345.2546414472163
626,654.601773366332,269.98145368287805,330.1315250135958
627,654.413801714778,268.48107884661295,343.30856131389737
628,654.1310570389032,352.96222398383543,213.8988113552332
629,653.929440036416,353.05277861794457,213.46667923033237
630,653.929440036416,353.05277861794457,213.46667923033237
631,653.4896434098482,268.5202554243151,343.11373644694686
632,653.2568956166506,269.27525323221926,330.84667218104005
633,652.8660035282373,353.45957481628284,213.57191927731037
634,652.6404627710581,353.46212993143126,213.49421526491642
635,652.4224977642298,353.0549812554382,213.5858564376831
636,652.3721257299185,269.1761627404485,343.74813655391335
637,652.0421384871006,294.8811637251638,269.52596964593977
638,651.5702971071005,274.2036719141761,329.62009485438466
639,651.2538455575705,274.9808415105799,328.64616629853845
640,650.4824768453836,354.5719455811195,213.8595583885908
641,650.2569360882044,354.57450069626793,213.78185437619686
642,650.225419357419,273.4974714635173,330.3352420218289
643,649.2596824467182,296.2036341219209,267.8667197441682
644,649.1384334862232,296.32135719712824,268.76328485365957
645,648.7713225930929,271.14259779045824,330.463200006634
646,648.7499938160181,354.57670333376154,213.9010315835476
647,648.5961816757917,255.51411881879903,355.8429952338338
648,648.2149687260389,269.24600763455965,343.8999616988003
649,648.095029219985,302.528034334071,266.61663809325546
650,648.0318353921175,297.188854703214,271.80925948824733
651,647.8938986510038,268.58132821158506,344.1540841385722
652,647.4987340420485,268.2508529147599,344.80626340955496
653,647.4821556657553,354.98963225027546,213.74021075339988
654,646.9919677823782,270.66104849393014,331.1465543694794
655,646.5121406763792,255.92797911004163,355.2378159239888
656,646.0256625711918,297.89122680504806,269.43092195596546
657,645.4420440047979,271.595830899314,330.55486089363694
658,645.3217815309763,355.16678239637986,214.34555320441723
659,644.8357403129339,358.77706881193444,211.7483078208752
660,644.6101995557547,358.77962392708287,211.67060380848125
661,644.5724431872368,296.5014941941481,272.0154101764783
662,644.3949685841799,274.65861557109747,330.66691701486707
663,644.1462109237909,357.7979194256477,214.04384551942348
664,643.9206701666117,357.80047454079613,213.96614150702953
665,643.4743073880672,298.1409529238008,268.71776787098497
666,642.4537454247475,297.33259004424326,270.9261092012748
667,642.1993288695812,297.33405221346766,270.8183041131124
668,642.1641191095114,296.3427064071875,274.4720852067694
669,642.0501077920198,357.43800047179684,214.1712248888798
670,641.8730941712856,297.34832179825753,270.762805855833
671,641.8181819617748,298.3105148845352,269.2975080674514
672,641.7238730937243,357.4522700565867,214.1157266316004
673,641.4230173528194,297.98003958771005,269.94968733843416
674,641.3174766004086,299.02034883154556,267.5791347390041
675,641.2474689185619,297.7913962872699,270.24218908604234
676,641.1574185043573,297.5629982529208,273.8962069293484
677,640.9875709712505,298.65013588313013,267.82482793089
678,640.9515578895807,305.0227137589827,263.3537145545706
679,640.7512360066175,301.257156934822,277.0982241621241
680,640.5836035460234,275.07723795692436,327.18460012599826
681,639.8651997238397,365.6247387448326,212.2860312908888
682,639.3625607341528,360.2395529090427,214.34501068713143
683,639.0080481618643,357.55356451077387,215.02992088766769
684,638.7715710550547,303.19975061062723,265.91600069310516
685,638.2615783959627,302.15740607026964,268.66284936573356
686,638.1403294354677,302.27512914547697,269.5594144752249
687,638.1135845631361,302.75450755562633,268.1233991300687
688,638.0830950587988,301.3186368877068,271.46426739450544
689,637.914217248559,301.64655524189584,273.9366593649611
690,637.8841259330511,301.7794012450613,269.93495857622474
691,637.8811937123537,302.2823428870179,269.4511280944571
692,637.4153181552887,297.5377980376128,278.3305211907253
693,637.0521690696478,361.2961295633577,213.87068634480238
694,636.9449787139893,324.1004858921515,218.96973731787875
695,636.6874675035476,379.7348312231712,212.77713909745216
696,636.637010499835,300.8680312896613,278.1270308783278
697,636.6295216977596,295.58753042074386,296.29981874581426
698,636.5358890742064,275.9723508588504,327.13882241770625
699,636.2482507377863,304.51500726584345,264.36503717210144
700,636.1675068587065,275.5761355392169,327.398547809571
701,635.7613098025322,329.10138607909903,216.93729495676234
702,635.5574273020029,303.3005971284583,265.94497236516327
703,635.5241980701685,304.25605116132647,267.5229725977406
704,635.5051063001156,328.60565817868337,217.31283905776218
705,635.2650623470545,304.2632649028674,267.41468621697277
706,635.1046714931726,302.7604836456012,273.72633473481983
707,634.8691204488277,329.1057171258144,216.83453268976882
708,634.8662225157022,301.4852289527189,275.9275842597708
709,634.7730448096991,275.65379796759225,327.95447935536504
710,634.7265913784504,329.6265648151748,216.83258223207667
711,634.6945325285196,275.122224644525,328.12497470900416
712,634.310894176364,275.36063434998505,328.07365749403834
713,634.2981159985065,327.52409167727455,217.51186796696857
714,634.1395728290081,387.11569120315835,223.90248964726925
715,633.5260805338621,276.1967675543856,329.270073633641
716,633.2760666459799,301.85646231123246,281.7791247954592
717,633.0505258888006,301.8590174263809,281.70142078306526
718,632.7364806681871,302.6225093069952,274.4905417105183
719,632.6493810117245,295.65185667353217,296.940271130763
720,632.0837664753199,302.807699349476,274.26833435799927
721,630.9300369173288,301.88307556393556,275.47230549063534
722,630.5716626346111,294.69780064339284,297.2427804386243
723,630.5152313411236,388.92143250023946,225.1883151382208
724,630.3044116646051,302.3261500529479,274.9516887208447
725,628.7927707284689,302.0803034368437,278.6752523323521
726,628.7186104804277,298.6162944964599,287.9055728306994
727,628.4624069780111,298.1205665960442,288.2811169316992
728,628.4465685337782,303.7236230636481,277.441463037394
729,628.1614050120115,305.6308604332153,274.5032102903351
730,626.9348455518484,297.39216938312165,291.28550085332245
731,626.9281059354544,297.75714038754813,290.86901292111725
732,626.8473080545664,299.11607070895843,282.8170485710725
733,626.5971429497004,303.6855996197555,297.76557540055364
734,625.7571953088045,276.44081860105507,328.2385133318603
735,624.8325181901455,294.56105252821,298.1676370417699
736,624.0726502984762,303.8451893951278,274.91135081555694
737,620.9623561650515,279.9138344565872,327.96720577403903
738,620.3823175281286,304.20434759208,282.10487957205623
739,619.2974253743887,280.8444516027812,329.38330982252955
740,619.2866941735149,306.6287874599919,227.60254217116162
741,618.9065050333738,280.49653838784434,329.62526151165366
742,618.5448982760311,307.0820967361331,228.75964886872097
743,618.1318601638079,310.28589220177383,229.30303909061476
744,617.1452217146755,307.94697691006587,229.57567674843594
745,616.5473231717945,309.2095409465954,230.59307277379557
746,616.4190256267786,310.5700712005608,228.88677011607214
747,616.0250705420971,344.97945567236746,229.1197560749948
748,615.6911432787776,309.3288458913565,230.21832141457125
749,614.8344886347652,309.49371994538234,230.17680379925295
750,614.4800283759832,282.52551856287755,328.2538151331246
751,614.3262534186244,308.1495328411227,231.71269869236275
752,614.2609878227115,309.754449956771,230.11455589709803
753,614.2183007150888,282.25872569927014,328.4328607134521
754,614.0943016827107,346.90853070160375,232.26556148417293
755,613.849918499589,281.86251037963666,328.6925861053169
756,613.4650692388416,310.8355182988569,232.9009560140781
757,612.8734229654074,281.55252524861135,329.14800788089633
758,612.6088638126851,346.765818321798,232.38905709274113
759,612.5050407499075,281.15630992897786,329.4077332727611
760,612.4506162524224,349.4478439155035,234.21047643609344
761,612.214701846242,304.22307454491965,279.32763361837715
762,609.5535369634629,351.52894753841684,231.8641947288066
763,609.1081992536783,306.2136541622458,255.03580476343632
764,609.0301807641983,350.5496233643033,234.93594371564686
765,608.7457474172115,351.5340320192743,231.41765538342298
766,608.7114248424768,304.7523835285101,282.69177938904613
767,608.1866201013327,294.2801865878282,299.8789025954902
768,607.7215386152268,354.7154290142469,234.0411499518901
769,607.1981824159623,353.73610484013335,237.11289893873035
770,605.2816317528486,307.19616398971993,251.959328122437
771,603.7709402292967,307.79776620317716,257.89423874765635
772,602.8942372351885,309.8410262296675,261.2940198406577
773,602.825174793601,308.51804933312815,261.5298148393631
774,602.5484595894814,325.244944940554,262.15701500559226
775,602.2825391739607,306.04846165690105,267.8494928777218
776,601.959178969264,309.8463924190728,264.57486165873706
777,601.8501945585012,305.66832656774204,274.9918848723173
778,601.8467401981354,357.53558852181305,231.79232902117073
779,600.9141679406166,326.5627302036155,266.8554894127883
780,600.7785822749138,326.2387859404553,266.9180459030904
781,600.6934879869223,306.2237028441159,275.43398417532444
782,600.467947229743,306.22625795926433,275.3562801629305
783,600.1825426965952,307.9319352194434,267.2421774715185
784,599.9454311549664,359.68295987260063,230.89761253483593
785,599.8819947391748,306.64675804402214,272.62928331643343
786,599.6275781840086,306.64822021324653,272.521478228271
787,599.540025934577,306.9274511280237,274.97148871421814
788,599.0880883038044,325.369342827471,267.6871636011638
789,598.9525026381016,325.04539856431074,267.74972009146586
790,598.8068978488445,339.5848232458811,281.19803266087547
791,598.6809414327145,339.6947577695828,281.1082250014879
792,598.6614205658436,355.8515604079701,236.46123815365135
793,598.4599932849408,359.5402474927949,231.02110814340412
794,597.7066168010235,361.23886697723066,234.38088627941906
795,597.508289963007,342.19938193517737,280.1890822821297
796,597.3191475570202,342.37956048804335,280.06033325428143
797,597.2712903618813,327.978297380032,282.18736646557227
798,597.2225704491138,342.4557747717481,280.0279713445343
799,597.1628538966179,330.72241576504894,284.0118882902898
800,596.8975282013416,343.48845224338584,279.2940313392319
801,596.854404270649,342.8472213174682,279.7804559567012
802,596.4225914299489,355.88774392516353,236.821492620185
803,596.3185632050038,355.13861571736635,237.36158149726688
804,595.8739983141422,343.5171671982389,284.8875566893257
805,595.7650074958801,345.8397994239349,283.55568213248625
806,595.5882788002491,343.77356003480963,284.72644575173035
807,595.3901337802411,358.2041035217233,234.51599220223724
808,595.274895042181,328.69181225192733,285.34298092359677
809,595.0905127227306,337.7996186960954,285.02923700446263
810,594.4532798945904,363.4553358483361,233.94578778035938
811,594.3493842184544,348.8881430376787,285.54782635951415
812,594.2878029167653,359.2592046798207,235.06762553043663
813,594.2592288374901,359.8923305248143,234.54638911820948
814,593.9450322687626,348.9905227657873,285.6540647246875
815,593.9135954201222,359.53064417066054,235.46866128630936
816,593.9124138474465,355.7661115841009,237.98239225931465
817,593.7818866193295,363.840289790486,234.58230828531086
818,593.492747142911,294.9268571770517,301.4681269712746
819,593.4206262528896,349.3907883402426,278.8223824114539
820,593.4076791226864,364.11172928132584,234.98334404118359
821,593.3292223960161,296.6181111744372,301.7058337368071
822,593.2089685797691,351.83661285531707,287.4869839870371
823,593.1152598261833,350.4020784285385,290.4749610372819
824,593.0530611872673,346.6546755756717,297.4252367489971
825,592.6466977447271,294.7850316626718,302.079638723284
826,592.3545059561729,338.87090428662486,297.55417036497965
827,592.3508148193359,341.28574889642186,299.55359803372994
828,592.1104838252068,341.29107840848155,299.44124867999926
829,591.8654229044914,341.6211653177161,299.36865767324343
830,591.7713885724545,364.2406314758817,234.65225081928074
831,591.5433181524277,341.6856942976592,299.111662785057
832,591.543282866478,348.36462958646007,299.13413445139304
833,591.424749416113,364.412436213647,235.09851468391716
834,591.015334558487,357.84721520701424,235.63611055202782
835,590.990003836155,363.08830342611765,235.44954225458204
836,590.9292387962341,341.5960707042832,299.6997363441624
837,590.7495216429234,354.3632558819372,286.6857742764987
838,590.5750602185726,354.18294108461123,299.11187226558104
839,590.5716942548752,342.038405603962,299.3037968077697
840,590.4628559648991,339.25514538330026,300.8846906670369
841,590.4438468813896,341.9314871255774,299.51479598367587
842,590.3400379419327,345.1849369474221,306.07505610072985
843,590.2458630800247,351.196714482503,301.0687012546696
844,590.2121905684471,345.0780184690375,306.28605527663603
845,590.0344784259796,354.40178060461767,286.39741611713544
846,589.996863257885,357.5049259361811,238.68734690584242
847,589.5435929298401,341.4003002301324,306.74753888556734
848,589.2399697899818,345.0328880746383,306.5539143853821
849,589.2365675866604,347.862461007433,302.5485928603448
850,589.1662409603596,349.0842871044297,302.2797143929638
851,589.1272165179253,343.14184486609884,307.5452691190876
852,588.9652540504933,365.0814849308925,235.44002626128494
853,588.9492538571358,351.0829868738074,306.33007595548406
854,588.9239339828491,342.79546260950156,307.6750469454564
855,588.8774377524853,367.5115600995021,237.24621479995548
856,588.7868624329567,349.32932879705913,309.12586031714454
857,588.7759286463261,355.7295299282996,300.0328964465298
858,587.9641246795654,378.23674046387896,228.26529485918581
859,587.9433547854424,354.86202979576774,307.94893811130896
860,587.8370881795884,356.8928968547378,240.3922676000744
861,587.8028749525547,355.81740288366564,278.657379666809
862,587.7772249281406,358.8587606095243,285.3738333233632
863,587.2411472022534,367.64046229405795,236.91512157805263
864,586.7795439958572,352.5508099340368,309.2525084563531
865,586.7434575855732,357.7094669548096,298.9798099049367
866,586.7341302931309,350.66840075631626,310.10772493714467
867,586.6142556786538,365.2697952090064,237.62400514669716
868,586.5495349764824,387.43592329951935,230.89431643672287
869,586.3525994122028,350.36550287459977,310.3751044892706
870,586.3504227697849,350.57624308322556,313.40665605897084
871,586.3239942193031,387.43847841466777,230.81661242432892
872,586.2162483036518,358.05142497841734,300.42239966476336
873,585.9739009141922,360.57602482219227,305.22878260398284
874,585.6628514230251,357.1250443488825,306.5795666226186
875,585.5709455013275,389.2037263492821,214.21609187312424
876,585.4142386615276,350.5511484697927,313.7377347298898
877,585.2863912880421,350.44422999140806,313.94873390579596
878,584.9288467466831,350.8865648910869,313.5527943694033
879,584.2027209997177,353.90336699213367,310.88517832243815
880,584.186290293932,351.6048311695922,312.11612835759297
881,584.0395244061947,360.1240914853988,308.9097775169648
882,583.9553727924824,370.58897991462146,235.0623457957059
883,583.8165442049503,350.936622286099,312.5959256910719
884,583.802138119936,357.78044486034196,312.7838417016901
885,583.640614002943,360.3963941874681,311.86302983248606
886,583.4471200823784,366.46573057940697,237.52688828147947
887,583.3306986391544,348.0540893616853,314.9608413600363
888,583.1802604198456,390.5339301567292,214.05057004280388
889,583.1513683497906,360.4645684416173,311.6488861986436
890,583.1394039511681,366.67261225481053,237.4362592998892
891,583.0729125857354,366.7371700702468,237.9279240373522
892,582.9297331392765,371.5312764270464,234.82356324084103
893,582.8616615831852,351.103093694197,319.17868572706357
894,582.615771740675,360.64515350188594,312.0874673970975
895,582.1652008891106,356.40687893133145,313.7442649179138
896,582.1303798258305,360.98056992318016,311.902527036611
897,581.9760584831238,356.58705748419743,313.6155158900656
898,581.7198451578618,367.9483711866895,236.514335956797
899,581.6903389692307,356.84345032076817,313.4544049524702
900,581.6387885808945,391.46759869146626,214.21218672581017
901,581.1439683437347,390.9910331944702,214.285290511325
902,581.0287187099457,391.5394551883219,214.8792762774974
903,580.7157753825188,367.30931649340783,238.4441304359585
904,580.715716958046,388.56028376030736,231.3552501667291
905,580.6727671325207,361.2708559500752,311.98544578487054
906,580.4089350700378,355.84596068400424,315.0221371673979
907,580.3448813259602,352.9480804607738,316.7117981039919
908,580.3255107223988,364.14704710228835,239.11188493706285
909,580.2170339524746,352.84116198238917,316.9227972798981
910,580.1758332967759,368.81827369316017,235.58164233006536
911,580.0796046555042,357.8326014893828,312.5281507433392
912,579.989037245512,352.11965397256427,322.28064493322745
913,579.9616202712059,356.9845116462093,313.67144818836823
914,579.9490274190903,356.87159305636305,313.7346028708853
915,579.9355906844139,364.3504995832918,314.21493451530114
916,579.9250105917454,352.7272374870954,318.26574260229245
917,579.7416962385178,355.51630545954686,323.51608957583085
918,579.2011779248714,361.7483868243871,318.36137660825625
919,579.1092507839203,389.88339074584655,230.2890789899975
920,579.0046950101853,367.4354862289736,237.98357050158083
921,578.8573491692543,367.61800044619014,238.8931180242449
922,578.7157860100269,362.08380324568134,318.17643624776974
923,578.6949475824833,368.46912747186144,237.8925183121115
924,578.6459354281426,368.52447691543495,237.99712267555296
925,578.3547376096249,344.54068664636,326.91036005923524
926,577.9685782790184,362.2948404717026,315.18732235813513
927,577.7667026221752,344.65038134832866,323.8987322845496
928,577.6060418486595,388.7682319718879,233.95698930509388
929,577.4679760634899,344.7712841548491,323.80751357460395
930,577.4107604920864,391.66938169603236,230.14426257647574
931,577.2942099869251,362.39412505354267,318.3225745582022
932,577.1541021883488,369.6730607677717,238.20871868021786
933,576.770381808281,391.13373031350784,230.15375094302
934,576.7607040703297,357.48420890863054,326.23542335117236
935,576.6891394555569,347.271182576078,328.9435766846873
936,576.5542875647545,366.14007894271055,239.87007851935923
937,576.4281176030636,354.09402418124955,326.74892342695966
938,576.2389751970768,354.27420273411553,326.6201743991114
939,575.9180242419243,359.65506190422457,322.51840092474595
940,575.891879183054,368.99663728540764,238.3028296086937
941,575.8365972936153,362.6844110804377,318.4054933064617
942,575.7488561391831,370.6055805383483,235.65084096826612
943,575.5088781535626,365.38824224269484,239.96960291303694
944,574.7248991250992,366.80221158424393,239.5654705170542
945,574.6487023949624,365.0202120947186,240.42676141895353
946,574.4697601616383,370.65068694932853,238.11858464814722
947,573.8644991219044,362.0384505017428,318.899335088674
948,573.8441612243653,370.59438620922157,238.52451057769358
949,573.6987206161023,365.6457208182663,240.359243497625
950,573.6703682243824,327.2115525889676,330.96597950020805
951,573.4769362926484,365.74429861858954,240.18937791921198
952,573.4565353691578,327.3666608694475,331.1951427892782
953,573.4240566492081,328.1918233849574,330.4484078944661
954,573.2451736479998,392.4104233364342,208.12814003415406
955,573.2290387153625,392.6011051747482,230.45766983367503
956,572.6567696630955,344.7959682176588,334.0657911510207
957,572.5536960065365,363.2133850174723,323.4799236529507
958,572.4860699892045,366.83839510143736,239.92572498358786
959,572.445106458664,365.95378422709183,240.52318917252123
960,572.1608746469021,367.0544851487037,240.22215637601911
961,572.1210938215256,371.2810313151684,238.6385030079633
962,572.0720816671849,371.3363807587419,238.74310737140476
963,572.0068409740925,323.3839334913064,336.47315426776186
964,571.9770151525736,392.6606211470207,207.14441439695656
965,571.9714579880238,325.3000312645454,334.28659262368456
966,571.6574217379093,324.89113145065494,334.66491445014253
967,571.5990959942341,371.44151277472264,237.61876296289265
968,571.5620853602886,323.43373897415586,334.7562857330777
969,570.871901512146,393.17325159790926,230.97387623228133
970,570.25528947711,365.93461830071175,240.77883927561342
971,570.2062773227692,365.98996774428525,240.8834436390549
972,569.5603978633881,393.79249978694133,232.75392111577094
973,568.9548584520817,317.54481202107854,336.5858829789795
974,568.9383937120438,393.8902098822873,230.52873412705958
975,568.8342384815217,368.02998018423096,239.67949780859053
976,568.8020615577698,394.38841201993637,230.5268684718758
977,568.618998926878,366.0635204952676,240.44774605371057
978,568.599102807045,367.6124911731575,240.1468416456133
979,568.558890414238,370.5570753891487,239.29071977771818
980,568.5509497642518,373.5865776468534,238.39937929101288
981,568.2277108728886,324.53545689885505,335.24167498061433
982,567.9528592050076,370.3777390913572,239.65130546726286
983,567.9390095889569,370.3976114792284,239.5349308554083
984,567.9038470506669,370.43308853493073,239.75590983070433
985,567.4551945328712,394.65031682583503,229.3077219966799
986,567.2968587875366,395.90436265221797,221.95534197054803
987,566.4087080478669,369.3744031923823,240.5450596217066
988,566.296392172575,316.716753865825,337.14855668181553
989,566.2819382250309,320.3174522884656,337.0142968208529
990,566.228226095438,316.96585493464954,337.14762385422364
991,565.974068403244,396.315275762463,220.75166333280504
992,565.9679019749165,319.9085524745751,337.3926186473109
993,565.7971451878548,309.56580945826136,338.8888133489527
994,565.5447502434254,395.4176255763741,222.15246796794236
995,565.5166108310223,316.6354262710083,337.4455852531828
996,565.0025201559067,369.4185235439334,240.55773472823202
997,564.8789608180523,396.08987500774674,221.62220232374966
998,564.7779030799866,396.6360268210992,220.13566991873085
999,564.7166449725628,313.5995249666739,338.7973709688522
1000,564.2303697764874,396.78485610720236,218.08241380937397
1001,564.0532066524029,397.2404699232429,217.91395552642643
1002,563.925451040268,310.19288039184175,340.1490197093226
1003,563.9242073595524,395.0911572861951,222.33640073426068
1004,563.7969042360783,397.0720539056929,221.7732211444527
1005,563.4447968006134,317.3675876923371,338.88003727653995
1006,563.2365539371967,321.27391583961435,340.0208660424687
1007,563.0539521276951,399.00641804898623,210.61087762750685
1008,562.9907658696175,396.37591616413556,222.41388984583318
1009,562.9440838992596,396.23414288344793,222.9922923911363
1010,562.8544337153435,396.8741183017846,222.4120241906494
1011,562.8001917004585,319.2777058777865,342.10730562219396
1012,562.7846726477146,398.52729743684176,210.76168542541564
1013,562.7570916116238,323.39400839363225,338.9796556145884
1014,562.4893564879894,394.88067735987715,223.0307820159942
1015,562.0131864070893,371.66085713491776,239.86993712224066
1016,562.003407150507,396.8850004376145,222.4563868585974
1017,561.8643352240324,397.69096031051595,218.81152490712702
1018,561.6948790848255,334.1592632419197,339.5867053591646
1019,561.0567338466644,396.387106052367,228.68466053716838
1020,560.8651760220528,397.89192892075516,221.65441088937223
1021,560.8581522405148,400.32838235760573,212.7383205909282
1022,560.7908621430397,397.9640817733016,222.203918537125
1023,560.6941446959972,322.5761162464041,347.7177494824864
1024,560.689026683569,398.25223096844275,218.38633270002902
1025,560.673715442419,331.5607498771278,339.63932236656547
1026,560.3801084458828,322.16721643251367,348.0960713089444
1027,560.0749595165253,396.4644473691005,228.48600460402668
1028,559.7403621673584,374.11101765995846,238.42896274216474
1029,559.6781184375286,400.5875976966927,210.20999811030924
1030,559.3820173740387,378.65456400876866,234.44509156532587
1031,559.1218569278717,396.5313739280682,230.054750604555
1032,558.975367218256,398.01177588116843,220.62687095440924
1033,558.7354768812656,399.1493978538783,220.97229099459946
1034,558.2978749424219,399.3516739846673,224.18993465416133
1035,557.6579201698303,375.8758419106249,234.49744340963662
1036,557.0441563129425,397.00416870205663,230.41205008141696
1037,556.8934866040945,400.86272548907436,223.56524985842407
1038,556.3235119730234,400.9372844786849,224.0576673578471
1039,555.7501164078712,338.28581121528987,335.6654087365605
1040,555.4559978246689,320.7442690342432,350.24655525991693
1041,554.6170552521944,399.4428691265639,224.94546863622963
1042,554.5509354174137,401.9102659561904,221.02183579839766
1043,554.5260103195906,403.91371301200707,222.4189023990184
1044,554.5249672085047,400.583350216737,225.4296230804175
1045,554.3297985643148,402.867813224555,223.1550740841776
1046,554.0555194467306,400.98015071696136,223.57525318302214
1047,553.6573371887207,398.1759837695863,228.271160421893
1048,553.5210050344467,398.67418590723537,228.2692947667092
1049,552.8284455984831,403.1508072913857,222.9125517923385
1050,552.6921134442091,403.6490094290348,222.9106861371547
1051,551.7280040830374,405.21398706920445,217.18255379982293
1052,551.4471183866262,405.88617302663624,220.52503231354058
1053,551.2969521135092,401.33813996601384,223.7872838769108
1054,550.0835852473974,404.8834686615737,222.87558461911976
1055,550.0500141233206,406.3692389894277,219.87086132355034
1056,549.66185747087,404.7908446454676,223.09960557706654
1057,549.3108978420496,405.66284233517945,222.29983067698777
1058,549.3092388808727,400.27201565005817,226.36669031344354
1059,548.993538312614,402.61893686775585,226.28811144381763
1060,548.6714161485434,404.71138909470756,223.14334739930928
1061,548.5465883910656,334.22467286651954,338.71011801669374
1062,548.3860205262899,404.12056294095237,223.36923401243985
1063,548.3373379856348,405.9877157830633,221.53990117646754
1064,548.249688372016,404.6187650786014,223.36736835725605
1065,548.2010058313608,406.4859179207124,221.53803552128375
1066,547.9876453131437,407.22796774841845,219.89392732270062
1067,547.9350643754005,334.6894532585284,337.53654247755185
1068,547.5709084868431,353.37220985558815,341.6561183119193
1069,546.7248923480511,376.0752952431794,366.86995450221
1070,546.5435392335057,409.5223510365002,220.00664628595115
1071,546.2402921169996,405.52280213322956,224.09335391409695
1072,545.7351586669683,404.79773305740673,224.36804180033505
1073,545.4971610754728,408.0757870936068,222.86387900449336
1074,545.2348803132772,406.5781514906557,223.1688042152673
1075,545.1766137376428,410.2458734353539,221.20091004520654
1076,545.1013985425234,403.5353157285135,224.67322379536927
1077,544.9676173627377,376.42080888641067,365.7259848471731
1078,544.4782480895519,379.6705405160319,363.9075997080654
1079,544.3818239867687,384.24223041231744,364.68774495087564
1080,544.3104550391436,404.96808195102494,224.56304126419127
1081,544.2737150341272,403.46789123292547,224.94567048735917
1082,544.048174276948,403.4704463480739,224.86796647496521
1083,543.911842122674,403.96864848572295,224.86610081978142
1084,543.2546819373965,405.7888948366279,226.0942312732339
1085,542.6459001347423,409.88722045854666,224.5403568431735
1086,542.6271827265621,412.68410720252433,222.49775969088077
1087,542.3715246021748,378.5214860283304,364.73256525956094
1088,542.0224870190025,405.89417161601597,226.52366083711385
1089,541.5509172081947,370.7051465183031,368.27917003352195
1090,541.5418474003673,406.07307383541485,225.67796229869128
1091,541.5262267589569,370.680076245917,368.6370823504403
1092,541.2146974727511,405.89925609687344,226.07712149173022
1093,540.9250212609768,378.76755620981567,368.5042868759483
1094,540.73587885499,378.94773476268165,368.37553784810007
1095,540.6109850108624,378.3586563959252,368.8826087024063
1096,540.5164050161839,385.9912453114521,372.54987280629575
1097,540.1272723421455,413.6288041295018,223.5419154971838
1098,540.0782601878047,413.6841535730753,223.64651986062526
1099,539.8834778815508,406.7553887962131,224.63223990239203
1100,539.6876122057438,386.20299684698693,372.6847912129015
1101,539.0565313994884,386.74266059393995,377.64563122950494
1102,538.7002018392086,387.12834905530326,377.6147997882217
1103,538.6494095921516,392.14065918768756,376.56959529034793
1104,538.4168809950352,386.7742335766088,377.9092986639589
1105,538.300575439632,410.35181589885616,224.23662344403564
1106,538.2277385890484,386.9544121294748,377.78054963611066
1107,537.7701351389289,414.20095055266285,224.0581218957901
1108,537.323155258596,407.52146821243224,226.3296438589692
1109,537.2965412437916,375.41186089185067,378.2983475411311
1110,537.1114641174674,407.5041509397095,226.3683144584298
1111,537.0976145014167,407.52402332758066,226.25193984657525
1112,537.0665757060051,375.8308690979611,379.3814902836457
1113,536.9623455926776,414.2060350335203,223.61158255040647
1114,536.7693319618702,375.7538189154584,379.74093730095774
1115,535.6449996829033,376.14119090582244,379.5276285940781
1116,535.432884991169,383.2569848962594,378.4173495071009
1117,535.3145946003497,441.2928754355991,222.40399458296596
1118,535.2216408587992,441.6325587112689,222.40272254534065
1119,535.0508826121688,410.37928089459893,224.38719938546419
1120,535.045509789139,458.5539914142573,242.6638327781111
1121,534.0318175554276,398.69674444640987,370.5664487462491
1122,533.6669890582561,403.3001547649037,369.8995660748333
1123,533.6438683867455,390.13640065980144,376.6466008471325
1124,533.4121328927577,459.40977122972254,243.1921988669783
1125,533.3105873167515,399.07381916907616,372.5793517436832
1126,533.2286424636841,390.19867783715017,376.7316310154274
1127,533.1481766700745,381.96095750969835,379.03441448975354
1128,532.942922949791,390.4550706737209,376.57052007783204
1129,532.8413462974131,459.48930785956327,242.9423646274954
1130,532.7991708517075,382.38961586612277,380.46505674533546
1131,532.3038096725941,399.1385978057515,372.50636958144605
1132,531.5797435641289,386.2935137145687,379.1773235844448
1133,531.2147335708141,399.4859939410817,372.2565167155117
1134,531.1096958816051,395.70331283356063,372.9024661006406
1135,530.7778864502907,394.5336576097179,373.13639351539314
1136,530.7717182673514,468.93677136977203,240.46312418021262
1137,530.6803469955921,395.1126854463946,374.72840181551874
1138,530.3981482088566,398.7887982719112,374.06176192034036
1139,530.2930205464363,404.989491347922,379.3481551911682
1140,530.2862834818661,471.19493464310654,242.2693792837672
1141,529.9109083302319,471.46077933651395,241.9570092218928
1142,529.7415919601917,373.8727944039274,381.1848404593766
1143,529.6139787733555,405.2818815156352,375.4708903413266
1144,529.4275557100773,373.46389459003694,381.56316228583455
1145,529.0609328448772,377.40285344352014,382.3895440362394
1146,528.7851859629154,405.49363305117004,375.6058087479323
1147,528.0765580534935,383.12682784791104,384.5213499125093
1148,527.6945320814848,378.94308817829005,385.2609590422362
1149,527.411798145622,466.82492165849544,242.54119397886097
1150,527.1862573884428,466.82747677364387,242.46348996646702
1151,527.0504048317671,374.41974203730933,387.32922501675785
1152,526.8858252204955,469.51859098428395,244.06007083691657
1153,526.5835948325694,470.85687490482815,243.00628341920674
1154,526.3945087827742,472.3718727796804,243.37571393884718
1155,526.2909478247166,384.74246176029555,379.67872611247003
1156,526.2591011859477,472.49506161292084,243.14657088555396
1157,526.257596462965,394.3135173867922,380.9127996172756
1158,525.4696606695652,377.94035898079164,385.848312612623
1159,525.2973338998854,473.33096718636807,243.87021530605853
1160,525.2245997488499,378.27044589002617,385.77572160586715
1161,525.204380158335,473.6706504620379,243.8689432684332
1162,524.7392078340054,378.6058623113204,385.59078124538064
1163,524.5326550342143,475.5835424721008,243.76185793615878
1164,524.5203762352467,384.56590354884975,385.73207916133106
1165,524.4524365961552,378.1483010605443,385.88821255788207
1166,524.3898438513279,386.64909349312074,385.58168971166015
1167,524.3216249644756,391.7948237967212,382.6412740685046
1168,523.9241504855454,464.95741810800973,245.2660702932626
1169,523.8775819689035,400.4704793852288,382.0038612950593
1170,523.7833314575255,473.27587249304634,243.94592961110175
1171,523.7118274010718,473.6947728068335,244.109112912789
1172,523.659391015768,387.3145968236495,385.3241583444178
1173,523.5939630717039,380.02393544162624,388.4576578568667
1174,523.5636892020702,391.7262448084075,382.8347510136664
1175,523.5003914274275,474.822980609606,244.7155420128256
1176,523.3832514882088,382.1116117083002,387.73958265408874
1177,523.3217845410109,382.72336042369716,390.5624759774655
1178,523.2748506702483,474.82553572475445,244.63783800043166
1179,523.0075596012175,475.01942107535433,244.92429211176932
1180,522.9584455788136,387.63326683756895,385.24807757511735
1181,522.6887329109013,469.4490918236552,246.18186642415822
1182,522.6714958250523,390.83082571742125,385.3357525439933
1183,522.6522222906351,408.20137846586294,380.84003201313317
1184,522.5469736158848,388.6772888463456,387.28491792455316
1185,522.509468678385,463.9934905838454,246.27374395169318
1186,522.1849750317633,465.6316772919381,246.4140314180404
1187,522.0907407999039,390.80104699428193,387.83573431987315
1188,521.9765402972698,385.1123245221097,389.35234983079135
1189,521.9193893037736,470.7118674981175,245.01224404014647
1190,521.8715189062059,471.2038416931173,245.3017125222832
1191,521.6454739458859,469.3945056219818,248.9163919184357
1192,521.3452081233263,369.50431923684664,390.9278920404613
1193,521.1466379649937,471.4952435338637,245.8803916145116
1194,521.0957190692425,385.06716863508336,389.3691753279418
1195,521.0686282068491,404.1344867956359,382.7592312414199
1196,520.9697626531124,385.17710315878503,389.2793676685542
1197,520.9561145305634,387.91380992229097,387.89419766142964
1198,520.4901610761881,399.3652198326308,393.12286447454244
1199,520.4828248508275,465.91581307689194,251.01035631634295
1200,520.2422440201044,404.47366816247813,387.6669308450073
1201,520.1986975707114,476.9495007888181,247.11994432844222
1202,520.1848479546607,476.96937317668926,247.00356971658766
1203,520.0733301527798,470.9025681783678,249.53192509897053
1204,519.7098941355944,402.6491416480858,394.94990217871964
1205,519.3102251440287,403.039488555165,394.7682706285268
1206,518.8296472579241,390.82312206481583,396.9762876043096
1207,518.7700860053301,395.534568489762,395.00016291532665
1208,518.6922951973975,476.9934955214849,247.24373936094344
1209,518.6108262427151,471.4647796769859,248.85508675314486
1210,518.5938224345446,405.4424060967285,387.4392527472228
1211,518.5568876005709,477.1166843547253,247.0145963076502
1212,518.4129890054464,398.76717708376236,397.5877319741994
1213,518.4118523336947,477.70169368828647,246.5822618138045
1214,518.1964323967695,386.36295914952643,398.21342842746526
1215,517.655053243041,398.6985980954487,397.78120891936123
1216,517.5901500731707,399.2088372122962,396.645569069311
1217,517.4383379667997,386.28175057587214,398.5230748774484
1218,517.2290639132261,394.3099385064561,399.688562752679
1219,517.1970687657595,403.71199966338463,396.2415600437671
1220,516.8721595741808,477.77637705381494,246.79017157666385
1221,516.8463808484375,473.6516082830494,249.3197406101972
1222,516.8293949216604,394.7002854135353,399.50693120248616
1223,516.6807675212622,389.3165919792373,400.44295263756067
1224,516.424551460892,478.0387303925818,246.67043253593147
1225,516.358094830066,473.93157478643116,249.78266461379826
1226,516.1382465027273,474.0397354167653,247.45544064417481
1227,516.0042029768229,399.5393902969081,396.67626872472465
1228,515.6431168168783,394.640491591068,399.7192624080926
1229,515.6365291327238,390.5276760470588,399.9416398834437
1230,515.5575801618397,475.9591849691933,249.98145186528563
1231,515.4389825612307,403.2848662913311,397.11942929495126
1232,515.3043363839388,402.53748204675503,399.26036767475307
1233,515.2434478253126,395.0308384981472,399.5376308578998
1234,515.0692941434681,476.23915147257503,250.4443758688867
1235,514.9712692946196,397.7302634802181,401.6424489784986
1236,514.6794754117727,398.03899009828456,400.0194035898894
1237,514.6340615600348,386.9981596439611,403.26590089220554
1238,514.567611142993,389.9891030874569,401.91624205280095
1239,514.5249951034784,405.98559324559756,388.19729542545974
1240,514.1253261119127,406.3759401526768,388.0156638752669
1241,514.0903286188841,393.74778401781805,403.5012796949595
1242,514.0093956418335,472.3971259832615,250.5613762576133
1243,513.9516400843859,399.62653819215484,406.69656533468515
1244,513.740252867341,402.93836738471873,404.07494641654193
1245,513.6396900840103,472.438948865165,250.72704708464443
1246,513.5168607272208,477.5819327424979,248.2367120180279
1247,513.2681220322847,407.50982940313406,402.37878839857876
1248,513.1204405017197,474.004615351907,250.66673390753567
1249,512.6547019518912,478.03416189725976,246.81729535199702
1250,512.5130490213633,397.47510733571835,408.2235064925626
1251,512.1543057709932,403.2689204693306,404.10564607195556
1252,512.1120399981737,408.19858282175846,400.3840596806258
1253,511.9738510400057,408.03174092737027,400.47860817424953
1254,511.6571598537266,476.2194892441621,251.54133006557822
1255,511.4381918348372,478.70258263347205,244.81882137991488
1256,511.38987788930535,480.19216781284194,246.46214350499213
1257,511.35193271934986,365.07322064531036,408.6164921047166
1258,511.3211944140494,480.1507511328673,246.77803788520396
1259,511.18578681722283,480.2739399661077,246.54889483191073
1260,510.43101708590984,390.67922372487374,410.51505502779037
1261,509.8695974498987,401.9728930827696,404.7227110546082
1262,509.67428751289845,400.9534180883784,411.86704508028924
1263,509.5222950577736,399.49074981722515,414.46113233081996
1264,509.48920759931207,480.2928508972982,246.034108126536
1265,509.4561558999121,478.73238596494775,247.14610655047
1266,509.2112532891333,478.88663246145006,246.91103048063815
1267,509.1619334369898,407.07767156441696,402.53826291672885
1268,509.1455639190972,476.3912267143605,248.7684948015958
1269,508.84262888133526,395.1498824704904,415.59318367857486
1270,508.6865811832249,477.2333308433881,250.77908911928535
1271,508.6534864753485,395.3300610233564,415.4644346507266
1272,508.393429774791,477.83330499229487,249.1720758099109
1273,508.2948113679886,394.31642691534944,418.2030625101179
1274,508.2234568633139,480.8036978835007,247.32291514612734
1275,508.21894981339574,477.7406021984061,249.384960712865
1276,508.14991273358464,478.01388617779594,248.9655854422599
1277,508.1226483620703,480.8489752005553,247.10684908367693
1278,508.0569589920342,478.35356945346575,248.9643134046346
1279,507.9162157177925,390.6079143632669,418.3187623741105
1280,507.8377122171223,478.15305068332236,249.07498945482075
1281,507.72649075090885,414.24635805550497,415.3108324985951
1282,507.32692946866155,478.5420842099702,248.53347633965313
1283,507.3224101997912,478.66657091339584,247.4166696164757
1284,507.21313720941544,390.831196897896,418.3337820293382
1285,507.1444862373173,479.2794825535966,250.47761430963874
1286,506.87719516828656,479.4733679041965,250.7640684209764
1287,506.36921286955476,480.50572481926065,247.84163127280772
1288,506.1434792280197,386.72120124590583,420.109212574549
1289,506.0835256278515,403.5526432741899,420.9204785283655
1290,505.3846424110234,479.4974902489921,251.00423806533217
1291,504.8905097283423,480.5099747761851,248.19817552901804
1292,504.8766601122916,480.52984716405626,248.0818009171635
1293,504.51288363337517,407.6096965036122,419.9675170313567
1294,504.4621514081955,400.26256234687753,421.68082350306213
1295,504.4186873026192,480.26700411294587,251.43531762249768
1296,504.2730090022087,400.4427408997435,421.5520744752139
1297,504.15012565627694,482.5099208065076,249.19569188728929
1298,503.8744440972805,399.6902109122602,422.6922203730792
1299,503.8390043079853,400.0680168319959,422.55327572487295
1300,503.70251754298806,482.7722741452744,249.0759528465569
1301,503.13592579960823,400.291299366625,422.5682953801006
1302,502.7130565941334,396.38363079098053,422.9503050716594
1303,502.6894149184227,396.37584922951646,423.47127370350063
1304,502.57353404164314,400.2988549134461,422.7876766677946
1305,502.3108192682266,392.6673366774339,423.58697356749326
1306,501.8093373775482,393.34946407121606,423.4890483962372
1307,501.6271572597325,481.2771394493757,249.6071222294122
1308,501.60008603334427,393.11270637554117,423.897330631502
1309,501.5542959868908,398.7719894454349,423.1703407075256
1310,501.4619217514992,392.27635007095523,423.96547928918153
1311,501.4564841091633,400.0750911098439,423.3560912590474
1312,501.20958161354065,393.19695709389634,423.7062592850998
1313,501.0980520248413,396.4263477635104,423.68418939225376
1314,501.05782625079155,397.1547721673269,423.91070665977895
1315,500.8422898054123,379.3399015030591,424.7377532320097
1316,500.7301732003689,400.9211830024142,421.4008331876248
1317,500.6428676843643,388.9527656782884,425.40738417673856
1318,500.62302415445447,480.9664341121679,250.2888583112508
1319,500.49114068225026,481.0371306295274,250.8044554758817
1320,500.3544397652149,401.01240275916643,421.21692113392055
1321,500.3305103369057,480.9245554477675,251.13371499069035
1322,500.316660720855,480.94442783563863,251.0173403788358
1323,500.11289282515645,481.5453972964315,250.80468447692692
1324,500.09904320910573,481.5652696843026,250.68830986507237
1325,500.01649194955826,389.0458147053141,425.8165298597887
1326,500.0138027369976,401.7574361388106,423.7056064736098
1327,499.9170641936362,487.0989207614912,249.56105812825263
1328,499.8273495435715,389.2259932581801,425.6877808319405
1329,499.79254242777824,401.2733840395231,426.3680060636252
1330,499.69631192088127,407.8776303504128,427.47332911007106
1331,499.6667924709618,482.4559290766483,252.19027881510556
1332,499.6517584659159,489.5655114034889,249.69840535894036
1333,499.4278807528317,483.34215220052283,251.5438707433641
1334,499.3936643190682,482.8109852093039,251.85765487141907
1335,499.20233999565244,483.34470731567126,251.46616673097014
1336,499.1487452685833,403.9057157759089,428.9380657207221
1337,498.9932334125042,408.1009128850419,427.4883487652987
1338,498.81364545226097,408.5192980876891,427.01246346347034
1339,498.70484575629234,404.2460366014857,428.7532208394259
1340,498.4456667602062,404.128998310538,428.95308537594974
1341,498.43448159098625,403.785261900397,429.18311042897403
1342,498.4216132648289,484.322770433384,251.4481106121093
1343,498.3715549297631,482.6783059424488,252.41060459800065
1344,498.22746082022786,482.7872751218965,252.3915945906192
1345,498.12665231898427,482.8325524389511,252.1755285281688
1346,497.4096393287182,404.03402121481486,429.40754799358547
1347,497.33603915572166,404.87326326582115,428.61774041317403
1348,497.32865815237164,485.7496086951578,252.86010299250484
1349,497.166126254946,487.5347914904123,250.009608367458
1350,496.944486528635,408.44052234489936,427.5036605577916
1351,496.9222702123225,490.0805991705274,250.31141093745828
1352,496.46032443642616,400.7614101592917,430.3860180359334
1353,496.4542718231678,400.37869983527344,430.52486720494926
1354,496.4010897576809,407.11635222274344,427.8405276220292
1355,496.22671070694923,400.942472652765,429.5736194597557
1356,496.20114544034004,400.644371868344,430.5858825724572
1357,496.14977326989174,402.489234513836,429.8001754116267
1358,496.08100800588727,485.6194845434511,253.33534870669246
1359,495.7572459280491,400.9846926939208,430.40103769116104
1360,495.7460607588291,400.6409562837798,430.63106274418533
1361,495.40092592313886,481.37700808013324,253.36061964556575
1362,495.03874841332436,401.071731967153,430.5321563463658
1363,495.0070316493511,397.20908689615317,430.98197909165174
1364,494.79937394335866,486.40335193439387,252.61560942791402
1365,494.78552432730794,486.423224322265,252.49923481605947
1366,494.6876817047596,398.87596087832935,431.1888607274741
1367,494.6812231428921,481.7540408730274,255.9594077579677
1368,494.67799642682076,400.5744684052188,430.87741476111114
1369,494.5100521631539,486.4735376177123,252.2403542008251
1370,494.45568238571286,481.75659598817583,255.88170374557376
1371,494.3202747888863,481.87978482141625,255.65256069228053
1372,493.98218938708305,397.457846210571,431.2064166562632
1373,493.7447762787342,397.75503817317076,431.21235314477235
1374,493.7106986939907,393.56160914269276,432.33714816439897
1375,493.31001928448677,403.605378614855,429.51500331424177
1376,493.153396576643,397.66959774610586,431.3413350628689
1377,493.142211407423,397.3258613359649,431.5713601158932
1378,493.08205565810204,398.4923048776109,431.444546347484
1379,492.97606787085533,398.07144802925177,431.75846862606704
1380,492.89518055319786,393.83483672258444,432.6175448196009
1381,492.7745261825621,484.5683785666479,257.48936666175723
1382,492.75404009222984,399.775704580592,431.1492213290185
1383,492.7392756640911,408.48325108375866,428.76328408531845
1384,492.57341679930687,393.8603135023732,432.82696272898465
1385,492.2146684229374,393.95210582134314,432.56943507958204
1386,492.0654591321945,392.99376321281306,433.43917407561094
1387,491.9692902266979,398.1362266659271,431.6854864638299
1388,491.7819540798664,394.6361630570609,432.1545651452616
1389,491.77076891064644,394.2924266469199,432.3845901982859
1390,491.58488324284554,395.21902888757177,432.55810227803886
1391,491.5053524672985,393.79382562381215,433.07331474591047
1392,491.15184077620506,394.1706353102345,432.9731010394171
1393,491.04752391576767,393.3856933012139,433.4453434543684
1394,490.8686882555485,396.37357035954483,431.95840004552156
1395,490.731215685606,389.28175643947907,436.0484584318474
1396,490.7027045786381,394.2259387683589,432.6309422152117
1397,490.1969012916088,389.52047200198285,435.8097264217213
1398,490.007758885622,389.70065055484883,435.68097739387304
1399,490.00764678791165,488.34824197087437,252.27396181598306
1400,489.7244380414486,389.3465350761544,435.9754762696102
1401,489.6348038315773,389.733325709356,434.33090396691114
1402,489.629873175174,487.5815062680049,252.7083293236792
1403,489.4400930404663,393.7382789023686,433.1139858411625
1404,488.08369037508965,387.24094700510614,436.36405715812
1405,488.05928747728467,488.13241915765684,253.02611393108964
1406,487.79960994794965,490.7351660092827,247.1697739455849
1407,487.7696541249752,386.8320471912157,436.74237898457795
1408,487.7565861232579,490.7769387133885,247.4879099521786
1409,487.22658082842827,386.7874058901798,437.03840832877904
1410,487.1370389945805,492.55614515184425,247.96792293526232
1411,487.01456083729863,488.9794680995401,251.86709792725742
1412,487.0028397925198,489.6511176909553,252.71772043779492
1413,486.9527004249394,489.26879326615017,252.91820224002004
1414,486.5952254720032,489.651780323009,252.64702415838838
1415,486.5667347200215,488.15654150245246,253.2662835754454
1416,486.43132712319493,488.2797303356929,253.03714052215219
1417,486.1261676736176,489.8349166236585,252.36282977834344
1418,485.8322988450527,388.4030932907481,436.261183639057
1419,485.5465793311596,388.6594861273188,436.1000727014616
1420,484.8598728477955,384.47613816405647,437.83742894697934
1421,484.7536067031324,419.2679479098879,257.69374357908964
1422,484.52228605374694,426.3077085695695,260.43652918189764
1423,484.38309225440025,385.50681835156865,437.23412336874753
1424,484.31679955124855,384.4314968630206,438.13345829118043
1425,484.0690560042858,385.0979185376782,437.6124451952055
1426,483.71449650749565,426.312793050427,259.989989836514
1427,483.3996424637735,425.57027473836206,260.75126457959414
1428,482.92762162163854,490.5331406913465,252.69164097681642
1429,481.1533602960408,491.40454596083146,251.7959606833756
1430,480.960543114692,487.0266313244356,254.56281194463372
1431,480.9278195388615,491.4071010759799,251.71825667098165
1432,480.6273576207459,487.27472038648557,255.2743818797171
1433,480.28383268788457,491.12097723863553,253.21339458599687
1434,479.47443081364037,425.63722619239707,261.4054969742894
1435,478.741737741977,493.16712894884404,252.91191977635026
1436,478.68472634628415,495.0173112710472,248.3355600927025
1437,478.6621850579977,376.75784368556924,439.4453817056492
1438,478.6593848913908,378.49560490855947,438.6179048465565
1439,478.0458978712559,383.10055838385597,438.4377696411684
1440,477.6431555002928,374.40346453594975,440.5772904055193
1441,477.5815445072949,495.3755385687109,248.1040577981621
1442,477.5370703332126,421.86450638249516,261.5928882703185
1443,477.2491849847138,493.19125129363965,253.15208942070603
1444,477.19073243364693,427.47698513930663,257.67759950906037
1445,476.7070173509419,500.0959021465387,246.4940538648516
1446,476.63951009437443,422.0844702228205,261.42715351730584
1447,476.5545864291489,493.37694270943757,252.79019102826715
1448,476.3230283744633,499.4199667980429,246.81874563731253
1449,476.30767076835036,427.38173766597174,258.73383333534
1450,476.0236701220274,376.6798211694695,439.4655161546543
1451,475.9902907460928,376.01560698309913,439.5636252211407
1452,475.89357271417975,425.5614035575418,262.94899279624224
1453,475.849902626127,427.6442062628921,259.16782458871603
1454,475.777724429965,378.3309049070813,438.71888131368905
1455,475.506465729326,428.5044977830257,258.3380077034235
1456,475.4174702651799,499.42500449786894,246.7502030376345
1457,475.08578316792847,425.56648803839926,262.5024534508586
1458,474.5151080004871,494.4895801002858,251.57650800421834
1459,474.37970040366054,494.61276893352624,251.3473649509251
1460,474.33795009180903,494.8040991689777,251.71152307465672
1461,474.1589426241815,426.3740040768171,262.9487676665187
1462,473.9158012531698,426.7241424189415,259.738781042397
1463,473.644604023546,427.1604003745597,259.578206859529
1464,473.59559186920524,427.2157498181332,259.6828112229705
1465,473.4895334355533,495.0639144106535,248.3556227274239
1466,473.1868358813226,427.42286897148006,260.012198112905
1467,472.22038762271404,374.13409199309535,440.88583510089666
1468,472.0148601271212,496.36524507950526,254.9593037776649
1469,471.87945253029466,496.4884339127457,254.73016072437167
1470,471.78433480486274,429.6194349474972,258.08166094869375
1471,471.42721446976066,426.5955079214182,260.3702696636319
1472,471.2527345083654,426.5028051275294,260.583154566586
1473,471.08593596443535,428.67354461806826,259.6014228582382
1474,471.08331650123,429.05200269294437,258.47691417485476
1475,470.90883653983474,428.9592998990556,258.68979907780886
1476,470.8686378262937,426.9032538353931,260.5881948545575
1477,470.3995307199657,497.20775186258834,250.7213544435799
1478,469.88699008449913,428.4605505769141,259.77952761650084
1479,469.1518805734813,497.07762771088164,251.19660015776753
1480,469.1200092278421,430.03984377125744,257.8903992369771
1481,468.99202766641974,429.47584056819323,258.28386928886175
1482,468.8474215529859,429.3038872788893,258.3455539867282
1483,468.40092463716866,427.80734096386004,261.4775955572724
1484,468.1929170034826,427.2059075041907,261.76464248150586
1485,467.80027974024415,497.3830943129724,254.89119237288833
1486,467.7709089182317,429.4971932338085,258.082172550261
1487,467.76868626102805,428.0566336821066,261.2267572954297
1488,467.5291849218309,430.1030193187762,257.8543733254075
1489,466.9341956935823,427.9216404155595,262.8918071016669
1490,466.7209905050695,429.4289008200867,261.4169027507305
1491,466.67197835072875,429.4842502636602,261.521507114172
1492,466.36340909823775,428.00117704540025,262.64197286218405
1493,466.3553653024137,430.3364844034659,258.55942283570766
1494,465.71152555570006,428.05737896473147,262.5190589502454
1495,465.2788526676595,430.52979035838507,258.2960413992405
1496,465.22677063569427,427.8536531057907,263.26335110515356
1497,464.77816876396537,430.3328874334693,258.6953469067812
1498,464.55240495428444,428.0588985530194,262.249429602921
1499,464.47106312140824,430.53487483924255,257.84950205385684
1500,464.31851318106055,431.6881460802397,258.85969664156437
1501,464.30466356500983,431.7080184681108,258.7433220297098
1502,464.0270206891,433.61120281822514,259.6419762894511
1503,464.00565188750625,427.875005771406,263.06165436655283
1504,463.8399256132543,432.8124227471417,259.78312048316
1505,463.05551206693053,429.9342097582994,261.6366045176983
1506,462.96716886386275,428.5034299439285,263.5196238234639
1507,462.917833878845,429.62316884391475,262.1404476433992
1508,462.73471438512206,428.8862502303673,263.47721995413303
1509,462.68326764926314,429.0295942882076,262.8299803584814
1510,462.63390588387847,428.93152754742187,263.2611538916826
1511,462.3473728559911,432.8365450919373,260.0232901275158
1512,462.2059215866029,428.51308694749605,263.5738950148225
1513,462.03144162520766,428.4203841536073,263.7867799177766
1514,461.3513388298452,432.6837882496184,260.4146091043949
1515,460.7945133112371,432.7909563847352,260.387622654438
1516,460.47948610410094,434.3128826324828,259.7455419972539
1517,460.07008957490325,430.58453356684186,261.1733421161771
1518,459.92279237136245,432.94619200506713,261.44320860505104
1519,459.40101793035865,432.97037919133436,261.0887700021267
1520,459.3520057760179,433.02572863490786,261.19337436556816
1521,457.54625963792205,435.5696867303923,260.2827985063195
1522,456.8536195717752,433.8831564759603,261.4939082413912
1523,456.84804671630263,431.03837300487794,262.36591862887144
1524,456.73070734366775,430.26808505225927,262.4698666408658
1525,456.47834115847945,431.08019588678144,262.5315894559026
1526,455.69222432002425,430.89650922478177,262.9278360977769
1527,455.2735066078603,430.99368155025877,263.1981112882495
1528,455.01777264103293,434.2683796035126,260.9365008622408
1529,453.98628490790725,432.112793011358,262.74545830488205
1530,453.847864433378,437.1338179084705,258.0446644991636
1531,453.81143551692367,430.71862321556546,263.39814773947
1532,453.742342069,434.70547576539684,261.15536272227763
1533,453.62593084201217,435.82613038725685,261.2678027898073
1534,453.39271780475974,430.81579554104246,263.6684229299426
1535,453.378025021404,434.6663945065811,261.2956009656191
1536,452.3603731535375,436.0936834650347,261.25525469779967
1537,450.8794797025621,435.6551615566714,261.9012794047594
1538,450.731770273298,433.7361440786626,262.6963486894965
1539,449.3562788926065,441.70654375699814,260.1290939152241
1540,448.3373092971742,437.6489527351223,261.42978586256504
1541,448.2393445931375,433.4672742013354,263.35002207010984
1542,448.06486463174224,433.37457140744664,263.56290697306395
1543,447.9517523609102,443.7635250351159,257.54264256358147
1544,447.0700420103967,434.64674981101416,263.3557603955269
1545,446.459199603647,443.7876473799115,257.78281220793724
1546,446.42932575568557,443.8668978753267,257.9340124130249
1547,446.28471964225173,443.69494458602276,257.99569711089134
1548,446.2804720364511,440.5992759721121,261.1438037157059
1549,446.0943852029741,443.71043270116206,258.21807549893856
1550,444.503339048475,443.72670811903663,258.23762495815754
1551,444.3748868666589,439.47940912412014,261.7004866153002
1552,443.8070679269731,441.04878355329856,263.69265662133694
1553,443.282584246248,442.72565691208,258.5814559459686
1554,442.2865502201021,442.5729000697611,258.97277492284775
1555,441.80619620904326,442.67678262502886,258.93344607949257
1556,440.7939974628389,442.5970224145567,259.2129445672035
1557,438.60030985176564,425.8261390119325,329.27826018296184
1558,431.3164347857237,415.0348477233667,333.34099835269154
1559,429.37961750924586,427.75602671978993,324.8061289262027
1560,425.1814752489328,415.5902391123585,329.73499693684283
1561,425.10901373326783,414.7248470294755,341.31842069439585
1562,422.8525516659021,419.815086384397,331.8560918416828
1563,421.24725810587404,420.41743488935754,334.35406960211697
1564,420.2996721535921,417.78371739862484,335.4412396099419
1565,419.6740469008684,418.2267918876372,334.9206228401512
1566,406.5288477651775,445.73309280048124,257.9209834486246
1567,406.04371501132846,446.819953103899,257.9461509734392
1568,406.0402455441654,447.9811847259989,257.5285312011838
1569,404.6291288100183,446.92027691181283,257.6666975915432
1570,404.6152791939676,446.940149299684,257.55032297968864
1571,404.27577709779143,447.5618376004277,257.91630681604147
1572,404.084050308913,445.4195203682175,258.2043962329626
1573,403.811250757426,446.76824504020624,258.05714828521013
1574,403.7049905024469,447.6413742302684,257.6664725765586
1575,401.5919940583408,446.45211749279406,258.4182650819421
1576,401.51288993284106,446.7719283805927,258.5333676561713
1577,401.4670022688806,448.1969246583758,257.716125190258
1578,398.9750998727977,446.9529016142478,259.00372929126024
1579,398.87429137155414,446.9981789313024,258.78766322880983
1580,398.68427401408553,450.22502216266,257.6810248270631
1581,396.9494115971029,453.78250500024296,257.59190467745066
1582,396.22183145210147,447.5012196650496,259.16035359352827
1583,396.1210229508579,447.54649698210414,258.94428753107786
1584,394.618670668453,453.5622294925852,258.0162206068635
1585,394.3931299112737,453.5647846077336,257.93851659446955
1586,391.8427566848695,449.4700226559071,258.7550394386053
1587,376.7240224145353,455.2164329282241,258.1737547144294
1588,376.25496461614966,455.3995692288736,257.88956033438444
1589,375.87958946451545,455.665413922281,257.57719027251005
