id,sh,rb,hb
0,1265.92622256279,306.317705735215,476.36959928413853
1,1263.8615075945854,306.8457057547057,474.30876878043637
2,1261.4470905154944,319.0977204020135,470.94410273646935
3,1261.302049764991,319.2858851651661,470.7673220506869
4,1260.6591095119716,317.53431854648517,471.5079129620455
5,1260.353948274255,317.51532200975345,471.57829925259574
6,1259.2286734223367,313.3859551548259,478.3270761120133
7,1259.2283250629903,314.2219096048968,477.32669922020284
8,1259.0603737473489,313.0865047722356,478.4213309857063
9,1258.2490039259196,317.76423531277106,470.97106790384277
10,1257.8651435673237,328.896887160372,473.7200546278618
11,1256.6045075416564,313.25247235589194,478.88108942238614
12,1256.5220932126044,313.391815647413,478.75054899184033
13,1256.4199107944964,313.33103652291464,478.7763348999433
14,1255.032773166895,304.31666465941817,479.2786966888234
15,1254.8644734919071,304.0172142768279,479.3729515625164
16,1254.7654135227203,333.8180441032164,482.52228301530704
17,1252.284643405676,316.9086380263092,487.11085175750776
18,1250.641848498583,316.4474711387651,487.4547433632426
19,1250.3491859793662,328.31379508220124,485.2516693859361
20,1250.1752962529658,330.36785593843086,487.33958399435505
21,1248.2190648257733,318.86027314192614,488.97149804709477
22,1248.0507651507855,318.56082275933585,489.06575292078776
23,1247.7439866006375,317.640205640858,489.5472578155808
24,1245.4424746096133,330.75984028754755,483.4040069594048
25,1244.1518797367812,320.78960209507494,495.05893410472197
26,1243.7593849360942,330.61613456932827,484.6211804463528
27,1242.350504106283,332.3263987678103,482.69885885855183
28,1242.0078713685275,321.22008174639194,495.06326225129885
29,1241.39532161355,331.71495189545675,483.16709995409474
30,1241.042898067832,321.5887875191867,493.85738166896624
31,1239.7277199685573,338.4733904509805,479.28926694532856
32,1238.0354193389417,327.49704695967955,494.1095000415109
33,1237.9057872354983,315.55746390849816,495.8591499631293
34,1236.8418081015348,319.4128281566547,497.43656647158787
35,1236.1918516367673,320.0041345562087,496.33667981578037
36,1235.9194426387548,319.910985420947,496.5362986261956
37,1235.8471031785011,319.2589401803212,501.8554635184817
38,1235.470260581374,320.79393508778884,497.98431471316144
39,1233.413814073801,320.624926021602,499.10362749826163
40,1233.309850805998,330.00509822843594,493.4833856497891
41,1233.0719398766755,322.6590487121604,495.8782851351425
42,1233.0053962111474,343.2439368686144,480.4386978184804
43,1232.9103047192098,327.1252843636088,495.35230723610147
44,1232.8178473472594,320.00065930774434,499.3945055557415
45,1232.4706239014863,320.9642507790588,496.9231143547222
46,1232.3478968679906,328.6105982075445,494.5753841225989
47,1232.0878769665956,321.63849078335335,496.061798692774
48,1231.8569508701562,321.3878618723946,496.10981331123037
49,1231.516281837225,352.93658661567315,450.7126076487824
50,1231.3922421991824,321.9228183238767,498.5761242909357
51,1230.7696110248567,363.6544111767289,449.4517546148039
52,1230.4608363628388,308.4492057680385,509.0203867166303
53,1230.0977756917478,351.20814141356095,451.82321147304026
54,1229.9007007986306,331.9299179290654,486.5680090422742
55,1229.8255402356385,334.8612955202581,497.80230034841225
56,1229.6991955876351,337.93872159928725,482.8225269017741
57,1229.155097925663,340.90781214483724,493.81820823233573
58,1228.656438460946,336.02705768209415,497.54644465399906
59,1228.6146295428275,316.71992150807927,502.4141624150798
60,1228.4522893428802,315.99658217423126,504.06774197397755
61,1227.9876434743405,354.0630017193471,452.41537275593726
62,1227.7635978996755,354.1636284785782,452.57639562766997
63,1227.4401032030582,350.56090480298445,494.69299916550517
64,1227.3515174299478,336.0761599512072,497.1856827433221
65,1227.2253768235446,329.09706050679085,497.9065664087422
66,1226.6089328438043,334.46933650684076,498.4122044588439
67,1226.5308284103871,351.186064300171,453.60189023669807
68,1226.2884658277035,351.19386118859694,496.4661437831819
69,1226.1034493148327,315.73005239435,504.89631950734184
70,1226.056754755974,315.96524541743565,504.8662997397594
71,1225.8740084528922,335.65589377742725,499.2485967571847
72,1224.3145834743978,365.2516210028407,447.77774486513806
73,1223.7672397762537,324.30722972408404,503.32724174810573
74,1222.904857546091,344.05047040828214,496.65796870272607
75,1222.7418783605099,344.3677225674008,496.6501850588247
76,1221.475877314806,342.55958002456174,497.48542072158307
77,1220.9314972311258,322.1211255542235,505.4315615242347
78,1219.8588982075453,321.29868688948915,506.0371374880895
79,1219.2629314810038,320.6744201756315,506.3280155455694
80,1218.402977988124,319.6770791090326,507.06377525087447
81,1218.2572151839734,383.20337968200914,565.5943685714155
82,1217.059013530612,402.3544453524519,563.4857899855822
83,1216.2914339870215,402.67026677993124,564.5817545037717
84,1215.3073691815139,405.7395451866556,560.960284817312
85,1215.0201212584973,385.92678500295153,568.8224631089718
86,1214.1910856485367,407.6698252883274,563.5239643435925
87,1214.09798912704,400.34392862883396,566.0431567441672
88,1213.4368029981852,284.5230871995212,629.9608268409968
89,1213.2921913981438,405.3540475097019,564.3653922658414
90,1212.7967236191034,282.3884888549568,630.2130389332772
91,1212.5844364136458,404.54170458843,564.4968417119235
92,1212.3413757234812,291.04440149459987,634.686503341794
93,1212.303750410676,284.0117237930419,635.820195427537
94,1211.7497982501984,408.17284018625503,562.2749953549355
95,1208.6243054986,405.46528004375284,565.6902556475252
96,1207.1254034757615,408.06873194207435,563.7533897962421
97,1205.500273641944,388.514016263024,569.7696372706444
98,1204.7158658474684,407.35463910070246,566.0646899398416
99,1203.8290833503008,391.5156012697379,573.453103511408
100,1203.7051526278258,389.7143379112939,574.7241962838918
101,1203.2604252368212,389.72374307347934,574.0716445732862
102,1202.1682772755623,408.127278315695,564.9619570728391
103,1201.2168603360653,386.13838823640253,576.9710832271725
104,1200.4638186067343,387.62464820647153,575.9242278773338
105,1200.1466505408287,408.244655379327,564.5429333742708
106,1200.0667843937874,385.6780904462329,577.0923330325634
107,1199.8674532473087,408.7284995779861,564.2970833834261
108,1199.4632291167975,387.8295054068557,576.2326136071235
109,1199.451396203041,409.0388634987641,561.1646589484066
110,1196.6606220155954,412.3722484980244,554.3161690584384
111,1196.0789357423782,414.8203715302516,555.8265587259084
112,1195.160749951005,249.05432201693765,657.6813834629953
113,1195.0879592180252,417.87872957349754,567.3901852253824
114,1194.0831483960153,381.25488309019715,577.5107028912753
115,1193.8004934638739,424.0949195198482,548.7851963355206
116,1193.7964637666942,249.87389303515664,659.9775379620493
117,1192.4462329804896,291.7810324042337,632.863293452561
118,1191.6817478388548,311.34640886238776,591.4296217849478
119,1191.659080311656,418.21430647117086,554.2867598137818
120,1190.4777174443007,420.438637884683,549.467222854495
121,1190.443439358473,293.3516446148278,635.7809937015177
122,1190.3702411204576,418.49373203737196,551.5825331136584
123,1189.796741142869,419.0513709310908,553.1904538325034
124,1189.4653082430364,293.93161363352556,636.4400728806854
125,1187.6426524877547,288.73935090233573,642.6228483058513
126,1187.0456088632345,419.89633478445467,550.2656387984753
127,1186.970127865672,420.5361091766972,551.7257173261605
128,1186.2361754238605,293.18770327181556,641.0268676616253
129,1185.4933372080327,289.3930503336014,641.196476893127
130,1185.308129245043,289.99566337291617,641.1600052431227
131,1184.9087211936712,421.74755883438047,558.2722818548791
132,1184.8843132197858,288.8999530953588,641.4256733968855
133,1184.7579390883448,294.0271477478789,633.6394570700825
134,1184.3859141945838,312.81216429518537,595.379933594726
135,1184.3693841695786,426.60497216542717,548.8973978082649
136,1184.2739080637693,424.0019049666589,556.3857913073152
137,1184.2596187591553,426.65875249763485,548.8363725165837
138,1184.031210041046,289.7611499926541,642.9030813314022
139,1183.3785081148148,288.6666182798799,643.2466931171716
140,1182.7376657783984,291.52503385902384,642.0157382376493
141,1182.504032099247,295.3230088333832,632.1857795313001
142,1181.7366171106696,451.10222557769157,597.4871210739948
143,1180.2875616028905,454.2843992470298,601.253752334509
144,1180.1803589910269,288.0143736806931,645.0863248229027
145,1180.0828506350517,293.2647999732988,639.664400242269
146,1178.6308909237387,252.4775872795144,652.615502192825
147,1178.0295988947153,309.1291302986909,602.3724963357672
148,1177.4101831912994,294.2252239643829,633.5875911191106
149,1176.6035017296672,456.52174945850857,600.2923296750523
150,1176.320116107911,458.1959232893773,621.0515151174739
151,1176.1125986874104,297.14505911574236,632.1071460694075
152,1176.015101072192,249.9298240477685,655.2582926057279
153,1175.9281188219784,250.36050560423175,654.9512304864824
154,1175.8323873355985,458.72695172415115,602.6896244944073
155,1175.6813673898578,464.32552859862335,613.9025283665396
156,1175.6614617705345,296.45267814241816,632.5344615802169
157,1175.4998317539694,296.14130587049294,639.3829738169909
158,1175.269736994803,464.347450541798,602.0829920993186
159,1174.6108150810003,250.62336187358014,654.4299945436418
160,1173.6818663328886,250.6508205540944,653.9621400497854
161,1173.6291684925557,251.54819126843944,652.6918968386949
162,1171.2259449094533,473.4769632553216,629.6365920679643
163,1169.5919743090867,480.58058730037885,637.1623880759813
164,1169.0344167381525,479.0152259976603,641.252472215984
165,1168.9459653407334,480.2450726357289,639.0025751561858
166,1168.1845895782112,484.9808676095214,632.8854918153025
167,1168.1081132292747,500.9243844822049,545.3823855808005
168,1167.794769781828,253.20171306433622,648.2540812753141
169,1166.5971120730042,484.5248255582061,633.0380446136929
170,1166.4104103893042,284.120862235548,645.1593722254038
171,1166.3744043141603,478.8928028685041,641.4996395573951
172,1165.9056354671716,481.4195187863894,637.1920338169672
173,1165.8618112742902,501.46877726810055,542.1321507923305
174,1165.7435290068388,483.576351894252,633.6591510058381
175,1165.6789153128861,482.42277746172624,637.6850798473694
176,1165.4479722678661,505.30232889251783,534.2797458162531
177,1164.9466493338346,483.6262588229962,633.2539872647263
178,1164.13371270895,505.42231547133997,546.7416388010606
179,1164.045294305682,485.5387550321408,633.8488150806166
180,1163.9143256545067,528.175738154212,415.9354984923266
181,1163.823465526104,505.02225197153166,546.901568791829
182,1163.7647767663002,525.1464062018786,419.6534521742724
183,1163.4028917089104,486.24089126302863,631.9089847476222
184,1163.3712370410562,486.2639935845509,631.9749493570067
185,1162.4973337948322,508.9170779515989,548.9961536386982
186,1162.491166651249,528.6678020043764,416.33225156506523
187,1162.4194295167922,535.2273096431978,418.6030714995228
188,1162.292709520459,484.11494228513914,636.0973538503982
189,1160.9452630773187,488.3592117165681,626.6402179465629
190,1160.8793349176644,482.7510719624348,636.9774534077384
191,1159.1927174925804,535.4399545571766,546.3765726862475
192,1159.0940495491027,538.4758869026788,415.05858086412775
193,1158.9064810872078,534.7560722238384,546.5086363879964
194,1158.5357522577046,486.9734989878722,635.7850961507298
195,1158.1847978830338,532.5528950101696,547.8887088326737
196,1157.6520177721977,532.3978099829517,547.981967899017
197,1154.2153776422142,487.71340501322413,627.913655524049
198,1154.1787790387868,537.0282420373521,533.3343945737928
199,1153.2400200754405,488.6343306486495,631.45664571831
200,1153.1423485100267,540.7045453734696,421.12639873018486
201,1153.0195926755666,537.0299363738857,533.426069348678
202,1152.7228709548713,484.32777308225633,635.9039027974941
203,1152.508326472342,488.90363902687096,628.6939426944591
204,1152.002725788951,488.2634650652297,632.3617032603361
205,1151.2616532266138,543.2286466680467,420.5099146544002
206,1150.9339469268918,499.7156773178373,639.0879092008806
207,1150.6010109901426,540.231984977983,424.09934991141785
208,1150.3009470522402,544.509691794077,427.1183706252836
209,1149.945339721441,546.0016748000868,418.67742219856007
210,1149.02248596102,497.8420607416425,639.6298386395908
211,1148.996093136072,546.0674123995938,420.1351055680774
212,1148.5680929720402,537.2349674210418,432.01741339406
213,1147.0804263174534,539.737636573147,536.9159392638132
214,1147.052623897791,548.2566949059255,424.37240716954693
215,1146.9571395888925,499.9511648765765,638.0586053074337
216,1146.9407722055912,544.8193308045156,426.67265769978985
217,1146.6793503820895,544.6242619023193,426.6834263726138
218,1145.7260016918183,513.1679192207754,548.4923921400681
219,1144.8396290481091,540.0218210164924,435.3414011373185
220,1144.6082002818584,543.6576206146274,449.9838399901055
221,1144.2956874668598,547.1279558022507,424.7866968526505
222,1144.1204062640668,537.1169383286499,537.4910229338333
223,1143.4476888418199,540.5327049449319,538.6974980188534
224,1142.7214918792247,545.7479291753843,427.6178214519285
225,1142.6069785058498,544.085376528278,442.90712814470754
226,1142.2600727975368,546.3979468699545,449.41212862869725
227,1142.2152896344662,551.9630528603681,421.4259699015878
228,1142.0713291436434,538.863068345841,543.9652974558994
229,1140.838279813528,544.0970832306891,449.8787391825579
230,1140.6872697472572,600.3158766335109,448.26556537894066
231,1139.7336729764938,500.133527932805,549.1121584633365
232,1138.1107211411,500.2186417087214,550.5229150662199
233,1137.6838974535465,549.4846516474848,449.0087857904844
234,1136.8346685647964,517.7684067580151,549.0993837723508
235,1136.6600926816463,547.754964639619,454.40655046394096
236,1136.2545944929122,516.3387653975981,549.1476790169254
237,1136.1794794380664,548.4479660913115,450.0297874274664
238,1135.5730855047702,549.422233634605,449.0248933496885
239,1135.416725486517,550.6192403860157,453.11667345156894
240,1134.2498152971268,542.6157910372364,540.105974460952
241,1133.7953217923641,515.0816985722631,552.6007761713117
242,1133.5859124362469,552.6769761007279,451.87667905976997
243,1132.976440733671,545.1744630034082,454.9108810356818
244,1132.6430668383837,570.0129496512236,552.0998415141366
245,1129.0772648364305,611.7118338454981,447.5808031274006
246,1128.658967873454,606.415795724513,450.14578238260003
247,1125.1804334402084,553.5704021093668,552.10912198117
248,1124.281815931201,571.6715905425372,547.2023994415067
249,1123.495417007804,558.5645526868524,558.5020258157514
250,1119.2181909590959,612.0597756622825,453.5874698976055
251,1117.272456201911,562.4733013783814,553.1204663157463
252,1117.0109986692667,561.7049774883315,553.4235655761324
253,1116.7104465782643,670.0839859331027,520.2326141491533
254,1116.4538019925355,563.1569109031232,552.8176681204699
255,1116.377635332942,559.9897966099204,556.3320880635641
256,1116.2347807317972,563.8832962972344,552.3681737734936
257,1116.012692335248,563.7510673397453,552.6870043083094
258,1114.5106622308492,561.4962473365711,554.4044270805083
259,1114.1155316263437,560.3406681281747,555.3958241186104
260,1113.3034255832433,561.3748503216775,554.4242430596612
261,1113.0802082836628,666.2105546081439,522.2668944492937
262,1112.709735366702,568.0119402290554,552.1501991107128
263,1111.243524107337,566.0694828362437,553.1196824117563
264,1111.1856215327978,566.1961009384365,553.0204335852526
265,1110.287818902731,674.1182005641982,529.8476505964994
266,1110.1486571162939,566.8254322291584,552.6871160670183
267,1110.1259069770574,563.4178994775982,554.529124329891
268,1109.1125588819384,567.1730760860489,553.3557204111479
269,1107.9217709630727,572.0065966856898,546.6355764626526
270,1107.483530265838,506.71940353231037,572.7158903301694
271,1104.3194010317327,693.7655047282576,525.0395611852407
272,1101.3907710820436,563.0089515836211,554.7875465675257
273,1101.136572688818,700.3738960238173,542.9522063225508
274,1099.7113400995731,696.2737171860412,543.42496668417
275,1099.1302809424699,507.5576799722155,569.1813220859506
276,1099.0788325972856,507.10063653306565,569.4989676357247
277,1098.4861356563865,507.59333605261054,569.0360010058619
278,1098.14154728055,699.9111573534086,545.2402031926438
279,1097.222986394912,513.1411735633155,566.628882374335
280,1095.0313049428164,512.7999863842269,570.6068337650038
281,1094.9630073919893,500.57030858215876,607.631989862863
282,1094.769282797724,522.6158861116971,558.5306082282216
283,1094.1923538073897,515.5501797286561,578.2905902178958
284,1093.5230053775012,501.12245344163387,589.8640527613461
285,1092.7847630992533,500.79848025157116,606.3754427210428
286,1092.7083190090955,518.3485549675067,572.3017844532617
287,1092.6938993275166,702.7307920599357,540.1223731085659
288,1092.6423512086271,514.252119647502,578.6829620035365
289,1092.5365814089776,713.7617467828095,533.8166937440634
290,1092.0615802407265,716.3012530910783,536.2352447137237
291,1091.7807433836163,501.13038319533223,592.2437124066055
292,1091.4666569642723,502.1704588381341,589.9026061482728
293,1091.3437441401184,502.5695808583638,590.3754106648266
294,1091.342112122476,512.180427538394,579.56540394146
295,1091.2668011784554,721.8972177831456,540.9807638116181
296,1090.911918412894,501.1987847441575,590.9382772035897
297,1090.8825509659946,501.33719021619765,591.1242153532803
298,1090.868427556008,505.8779161470244,592.4363301955163
299,1090.425226610154,507.51688600869386,590.3826340250671
300,1090.1967253908515,517.4945001652231,572.762163552083
301,1089.7628785267473,503.8371240468463,603.0272690572776
302,1088.9141551665962,509.05882363559215,590.4641398154199
303,1088.7764413617551,534.8433602744947,558.6616485137492
304,1088.7763466238976,724.4693281082436,538.5780423618853
305,1088.6819016560912,516.9840824393323,577.2825488062575
306,1088.5714151009918,502.50818192404694,604.6386101149953
307,1088.2338662743568,720.3976596547291,542.1166451461613
308,1087.1940518900751,518.1571493783733,573.3452643970028
309,1086.6541768535972,517.3246005041292,575.5540860766545
310,1086.2422583714128,503.03183536105786,604.5790933364071
311,1086.017705861479,518.3492668227991,569.373035835661
312,1085.8936022616922,519.4873599150917,571.6198041172698
313,1085.808034721762,520.0933347599348,570.073187428154
314,1085.7815363623201,519.2657220856985,572.1326140122488
315,1085.5027222037315,726.0979769779369,536.6862342245877
316,1085.483825147152,726.9858050299808,536.2505275197327
317,1084.8830457292497,519.6144392912975,574.3389543915167
318,1084.8216988123954,521.1236678782385,570.1709988230839
319,1083.8842003382742,520.9277416052064,571.7819264182821
320,1083.62256828323,522.5444958166918,571.8580249981954
321,1083.45944333002,527.4397560288664,564.6858029667288
322,1083.4520557843148,532.1234081627335,564.4191520329565
323,1082.3733699545264,514.5268949730089,578.7448563674465
324,1081.8073166050017,524.9503357963404,567.511762301065
325,1081.3963169775902,535.4524856590899,562.4925333011896
326,1078.7378815226257,511.4521132572554,589.5318510150537
327,1078.6170486621559,511.5910879247822,589.5949173932895
328,1078.3755377285183,526.6253560436423,565.5236300442368
329,1076.773704596609,534.8726291330065,563.9128480847926
330,1075.3686387352645,511.21390680316836,589.7679506754503
331,1075.3461907558144,512.4964340057923,588.3015395110473
332,1075.1463872604072,510.78885855618864,590.2034474676475
333,1074.875504117459,510.3572560334578,590.3872895380482
334,1074.4796119056641,536.9547363030026,564.4723991949112
335,1073.971898945421,536.6667302171002,564.6095247466118
336,1073.6556488953531,535.5726306708063,568.1477684672923
337,1073.3425534449518,536.0362002821173,567.9589774604888
338,1073.3242639392615,712.823883864563,542.4850827049464
339,1072.703151062131,713.7957420249004,544.6631306987256
340,1072.6809145472944,513.0463686286239,586.2933569038287
341,1072.2057593278587,511.8664962541079,590.117373325862
342,1072.140160536021,512.8476845723344,588.2168989410624
343,1072.1109805069864,513.0423982440261,587.1623480180278
344,1071.6365876547993,506.1467265522806,600.1093337848782
345,1071.0602124743164,516.7436158506898,591.3250558907166
346,1070.9186152718962,541.8859688348603,564.269916012697
347,1070.4741263739766,506.5928913987009,595.6870880439877
348,1070.2405985616147,542.3043092863169,559.9512982558458
349,1070.1537037461997,517.2331088831415,576.4350877249614
350,1070.0551771454511,507.0823917001253,591.9620306186378
351,1069.7611040405927,507.4784959912067,591.8749214105308
352,1069.6555943273008,524.3684598108521,569.6972553724423
353,1069.5574116677046,520.662715669605,575.6825911550783
354,1068.996942900866,507.2606051027542,592.0532150410115
355,1068.897971341014,711.8889273381792,545.1684591066092
356,1068.5448657982051,515.0392865164904,592.4837911063805
357,1068.4086540184915,544.8656880692113,563.8618952775373
358,1068.259874173999,713.895079141017,542.856294740364
359,1068.1146461300552,517.8279872695682,586.430393104814
360,1067.4727387517692,707.788748500403,545.6412194682285
361,1067.428836029023,511.9230299218325,593.4498100150377
362,1067.2375497154892,508.69603520927484,594.819117668271
363,1067.1234697371722,737.2284831757657,528.5385520141572
364,1066.9123070329429,714.3230373323895,542.8850824128837
365,1066.732210278511,729.2125952225178,539.5183974709362
366,1066.7160257212818,516.1900202332763,592.6679323548451
367,1065.8232806168496,551.1726251081097,577.6275405431165
368,1065.6102024286986,732.1563176269643,529.1173101570457
369,1065.554419067502,729.9497371017002,530.2607071455568
370,1065.1925325028599,519.6087695683352,588.946720485948
371,1064.9068027846515,516.8964031072101,591.5717540318146
372,1064.6101089827716,517.204887188389,591.6722002560273
373,1063.8352127075195,731.7410892676562,537.4528213050216
374,1063.6644430272281,506.16487482970115,595.8146501057781
375,1063.1649769835174,547.2238606535363,583.0992686146869
376,1063.1317409865558,550.2537147984374,584.5386081444099
377,1063.1197513312102,733.1665943021886,532.9542335849255
378,1062.6977548532188,520.2923758046236,590.1170327856205
379,1062.6194233678282,519.0457066167844,591.5540922408924
380,1062.612533569336,728.9561419766396,540.4686123933643
381,1062.200648456812,734.7425539367832,541.8809391986579
382,1062.1263624727726,734.8024532669224,542.0945062171668
383,1062.006908082217,513.2370305229676,597.0196059321985
384,1061.946855222434,506.27637239161413,597.6789101116359
385,1061.6443249583244,735.05391012365,541.5554070007056
386,1061.6260088913143,520.4732742552412,590.6825071623549
387,1061.5421763174236,518.7206141904462,593.5206018919125
388,1061.5217281252146,698.3219813399949,548.0552048293873
389,1061.5199159495533,519.2539320139913,590.8482647771016
390,1061.224146746844,521.2458901648176,590.4116934588179
391,1060.9691348664462,519.1617142696399,595.6054285818711
392,1060.8745354354382,705.3798391749151,546.3144711641595
393,1060.5086928717792,520.25348285574,591.0258745038882
394,1060.4779556505382,520.4953320099739,591.2751746112481
395,1060.4220322698354,698.075831397064,548.292962273769
396,1060.218684437871,698.223624019511,548.2374667434021
397,1059.9239838540555,696.545799732022,548.4997145591303
398,1059.6190152995289,523.9223399013979,588.3290525427088
399,1059.4564270310104,524.1043687334284,585.9161662733183
400,1059.4564270310104,524.1043687334284,585.9161662733183
401,1059.0757371269167,520.0751476087374,596.6120292767882
402,1058.855568369478,550.8098756429274,581.5465978065506
403,1058.5616897672414,696.0037770109251,549.6047771928831
404,1058.1507978796958,737.4532250209246,535.3801673165523
405,1058.099469396472,737.9833851202857,523.3354731332511
406,1057.7657338917256,705.3643865706399,546.4689828496427
407,1057.6406826160849,517.4007400781614,598.3228687047958
408,1057.1548155777157,522.6615788957104,588.7676327427849
409,1057.0804525844753,522.9333255162462,588.7666151126847
410,1056.9777426950634,521.2249085029587,590.794484195672
411,1056.753899806738,705.2768665747717,547.9029301790521
412,1056.690761563927,555.0559578122338,570.3195048298687
413,1056.626330830902,521.2216382567537,591.1309857344255
414,1056.526479547471,512.0414010396926,599.6686601839959
415,1056.4992643229664,522.1717743211891,590.3180272033438
416,1056.4875900685788,705.3658141689375,547.7980132786557
417,1056.361514931917,738.4168290829751,521.5621580194681
418,1056.1808636836709,552.6569499429781,580.8743949370458
419,1056.108071704954,520.6020971303806,599.1035032846033
420,1055.7902245223522,727.0878381156363,547.6782269207761
421,1055.7600814580917,736.2238593766,535.9906619686633
422,1055.746578708291,700.86062597204,549.6716830668971
423,1055.716439116001,695.531610987708,550.0108064247295
424,1055.6740802310408,526.4355845250888,594.9435577020049
425,1055.1141138456762,528.8934799232287,593.1362559935078
426,1054.6846393823623,736.1116217117291,536.1086794931441
427,1054.513582521677,705.0599790951237,548.0479462532327
428,1054.352701791376,526.7084983833832,595.6907036080956
429,1054.1902143143118,527.1990155377192,593.3750812700018
430,1053.5637730039657,557.8896753515583,573.4274358179421
431,1053.3614883802832,532.1509825294604,587.8817001855001
432,1053.2257195942102,551.623395761894,584.9461716787889
433,1053.0208527743816,732.5076776524074,547.918055979535
434,1053.0086251877249,527.0174379148287,595.2175670340657
435,1052.7983830533922,530.0740395848406,590.5188608309254
436,1052.1328828714788,528.5271866828901,595.5067046573386
437,1051.947146383673,555.053572954773,573.5292959537358
438,1051.8577548332512,539.7953920349944,587.7285199837759
439,1051.768219973892,529.3705652001081,596.7065503364429
440,1051.501849063486,525.6504242033465,598.3438449800014
441,1051.1921183548868,531.5545589333167,588.7931643849239
442,1050.5719496309757,726.4280662559904,554.8330759620294
443,1050.2230853706599,736.7356231816113,540.4868974324315
444,1050.0152652047575,532.9492757715983,594.4758723219857
445,1049.4018292210997,532.3114672102732,594.8792756637558
446,1048.6470797508955,740.5287882140371,518.2471088003367
447,1048.2350147120655,553.8918689494487,580.8304290192202
448,1048.1342532515525,733.6828308879398,542.552849465236
449,1047.9603889107705,736.0531495197677,546.316157766804
450,1047.8712503097952,531.9373500258429,595.3856275072321
451,1047.8458577163517,558.2435682821554,569.5808762680739
452,1047.4302112035452,555.7312338610645,573.4562619255855
453,1047.363734024763,728.1486615377944,551.7288088595494
454,1047.3442560732365,729.1848802254535,553.0558074181899
455,1047.1077062867582,534.0366149940295,594.6907085468993
456,1046.8571381300687,729.4861229922157,548.9291353311389
457,1046.6436088003218,560.3346967506689,571.0095031332224
458,1046.140702971071,532.9965497799916,595.3724877005443
459,1045.6980191648006,733.7794374919962,548.2901076909154
460,1045.6738333821297,740.4446669954807,545.0194230463355
461,1045.561147057265,549.1953818788286,585.745322700031
462,1045.1650750897825,510.95632155402564,603.3706098087132
463,1044.9518979273737,535.78771987285,587.8630247240886
464,1044.7946924984456,735.7336541100406,547.4552871968597
465,1044.6975342303515,748.6224302162184,499.9523503493518
466,1044.2718047864735,563.1724812794012,568.2388535212725
467,1044.0337723374366,733.9493268428836,547.8731600429862
468,1044.0219537101686,534.7125012549338,590.3468206798658
469,1043.5822818957267,535.1133017133689,590.8154365962371
470,1043.5691328912974,731.1204407637008,549.7917363431304
471,1043.4006391845644,530.2692184359533,596.4625381529331
472,1043.1218809008599,735.3014825268649,547.4975394096225
473,1042.096985784173,731.5563420935534,548.9808414962142
474,1041.9586638770998,528.5921925044386,597.6107926405966
475,1041.8766121834517,736.4066771178507,550.945224487409
476,1041.3062071286142,511.19505895297044,602.5732139445842
477,1041.2955923348666,736.8355523033999,550.7469749536365
478,1041.2245143912733,515.0426486299839,603.1353735513985
479,1040.9034425280988,514.3664848969784,603.2495326586068
480,1040.8199291318656,749.1092689370969,510.4030695125461
481,1040.153719999641,537.1269315168029,589.0587637817487
482,1039.773052122444,520.2116648943629,603.6447164602578
483,1039.5402840159832,536.4891229554778,589.4621671235188
484,1039.159616138786,519.5738563330378,604.0481198020279
485,1039.051959528774,538.9071127083851,588.5102757995949
486,1038.7004530988634,519.3892262296285,604.2502924241126
487,1038.5012687705457,519.7943041191902,604.0695168562233
488,1038.4249839268625,501.0139359762892,612.76179119125
489,1038.211577757448,541.0475984719349,590.2165122067556
490,1038.1370956979692,530.6230551362736,596.2120880186558
491,1037.5055202506483,518.1028292046394,605.1339567489922
492,1036.9987468384206,536.3348858045414,595.4968282541261
493,1036.9561213992536,546.898152975901,588.3682918807492
494,1036.5931237131358,750.7801044618943,507.7892128746957
495,1036.3309330254792,749.5375508448342,508.1680940087885
496,1036.1837493784724,563.8957380625885,565.4389500200748
497,1034.225458394736,509.7787879308686,628.6895026676357
498,1034.1722214303911,520.3229232136625,601.1198100693524
499,1034.1275210939348,524.7666859568562,599.0144952647388
500,1034.0741544373332,564.101414245693,567.3228784978389
501,1034.0449478946625,522.4695083515253,599.5909560121596
502,1033.4519834421576,542.269365372206,591.624633068405
503,1033.4107605010272,752.1812582787359,508.94498210363093
504,1033.3835732482373,547.4863031563116,586.6669201364741
505,1033.268083819002,520.5539248887915,601.2669937856496
506,1032.1063184849918,512.2034288974479,627.0391006413847
507,1031.968434520811,522.7299115187022,599.3668905891478
508,1031.6881111972034,512.2455592801795,627.0311728660017
509,1031.577520430088,748.800472303317,520.6362154319883
510,1031.2635205715894,754.0926375217969,510.02179257683457
511,1030.6183898858726,527.2117986375931,597.6155332975089
512,1030.3037220411002,511.29195996634667,633.032382499054
513,1030.0821422450244,511.8059179833159,629.8624755237252
514,1029.3880678266287,514.1349294831977,625.7850395683199
515,1029.3526618473231,512.8081782178954,630.1238864827901
516,1028.8564916722476,508.2992727261037,634.0461152825504
517,1028.4997521452606,528.6602115679998,603.5773615129292
518,1028.3095679067076,531.0893588768784,601.5061055593193
519,1026.7461424566804,514.9877655187622,638.1379852030426
520,1026.7352164171637,537.557704800088,593.2225165611133
521,1026.4138830564916,536.5659737208858,593.6943932369352
522,1024.3864437140523,517.7969734052197,636.3074725378304
523,1023.5085191212595,537.8074801166542,592.8178363686427
524,1023.3021041691303,744.1515604367712,521.2660629093647
525,1020.6043512009085,538.9781076525571,592.6009220352396
526,1020.2465101636946,521.7640520950314,624.7007276315242
527,1019.8900803565979,749.0364719392965,517.1057549145073
528,1019.5788911364973,539.1550115675666,592.0689058622345
529,1018.0707418717443,512.278575654421,640.9639703515917
530,1017.2290018118917,586.6364913536934,561.5645158047787
531,1013.288998619467,522.9656081517693,623.0494791615754
532,1011.0264181308448,572.2873519617133,576.807696566917
533,1010.2344607152045,525.2823228667257,619.4421231079847
534,1009.6901326723397,584.9770613654284,563.247026675474
535,1008.5061068601906,572.708405747125,580.7802749278023
536,1007.9012452475727,572.5612628269009,582.3051250055432
537,1007.6324652843177,575.6903921323828,581.9714715043083
538,1007.4733122892678,576.3806384921539,582.0647082919255
539,1006.754951760918,575.8880613267887,582.4016219520942
540,1006.4689725346864,575.2194023848045,584.7472079241649
541,1006.2879548765719,581.9239397628933,566.1136293913237
542,1005.7506120063365,574.7268252194393,585.0841215843335
543,1005.4351785242558,593.5233238298911,608.8363508123904
544,1002.9475068509579,591.2363657463807,610.3024096766486
545,1002.8031650096178,591.5945788134354,610.1656804958358
546,1002.1875359930098,527.3891896746587,619.6862601239234
547,1001.4005547821522,592.502477120282,614.0927171984687
548,1000.4953648686409,600.2042127828812,624.9780458042397
549,996.7323355801403,606.4237588680116,575.9958547438495
550,994.3817940063775,633.192848400469,568.3490132595413
551,991.6297078341246,595.5914974507409,625.0192741731181
552,991.563067061454,606.6256596616236,574.4693853790872
553,991.1833162516356,595.5352825947571,625.055779514648
554,990.1602994017303,616.9119807973736,582.9436379498802
555,989.3583723790944,617.2911931118695,583.5172213013284
556,989.1353917308152,620.3323278770083,584.93939480884
557,987.626114923507,625.9138060553698,589.5043370830826
558,987.2608590908349,627.1862463439581,576.594293623697
559,987.1538410373032,627.192918979167,576.5656505818479
560,985.673682231456,627.2708269758848,586.4951798240654
561,985.6049528904259,625.7309287532,590.0202756035142
562,984.9871177263558,627.395049982774,586.5102897803299
563,984.4689262568951,594.2425762672442,625.7635603154077
564,984.0873001404107,629.124138171482,587.6004573213868
565,983.8766230203212,635.5488675695611,573.9002882744186
566,983.8574698753655,629.1309770836262,587.6033524977975
567,983.6585531122983,630.4681043295889,589.0701291221194
568,981.342756216228,602.2271483265562,612.3109034857713
569,981.1516012735665,633.9475588245084,585.3426579828374
570,980.4505753703415,630.5933875730959,588.7676624874584
571,979.350519426167,604.3895396318985,607.222353389021
572,978.4480543211102,605.0647150482982,602.2076455405913
573,977.8601241186261,603.5041913919849,607.3856389275752
574,977.6345833614469,603.5067465071334,607.3079349151812
575,976.9822772569954,634.9092421555658,584.5928083966486
576,976.8944097518921,662.9537791540381,557.56444750214
577,976.0342541225255,631.1291890433756,587.7762053231709
578,975.8703702092171,600.2214170292484,614.5444628159515
579,974.7853962779045,601.0523735478985,614.2642772058956
580,974.5214113898576,636.0198409073753,581.8805795515888
581,973.8521513462067,664.4194777210708,555.1419705667533
582,973.7833226956427,634.6769422433106,586.2069836552255
583,973.2421374328435,635.3480892591876,582.5608414913528
584,972.2541512921453,605.9200446989853,602.360794739332
585,971.6329389058053,611.8081978267059,592.4602568408475
586,971.5107763901353,601.1046955161495,615.3687387131155
587,971.1554262816906,665.948103285348,556.390814279858
588,971.0366511538625,601.7300038938178,612.4633159748279
589,970.5330907225609,641.2756510991137,557.7150641094893
590,970.2315024331212,600.4329438679619,616.0490006528795
591,969.328534860909,602.8367072944296,611.2348631582223
592,969.0915911503137,636.5230541341705,587.878271287214
593,968.8128744438291,608.0982806023676,605.1591164483689
594,968.7336777508259,665.6028212418314,556.6258542054333
595,968.2706650085747,620.0533278724877,614.9763025837019
596,967.8809237897397,641.0391128416638,558.1908303212374
597,967.3747266232967,664.6320503128227,557.6309693836607
598,966.5683958239854,622.2549809711752,613.5067911969497
599,966.3843321397901,602.0373939671321,615.262151788827
600,966.152554114163,604.7498869099421,615.7135700992309
601,965.069238051027,625.8849506344646,596.6608718918636
602,964.6976245783269,628.8572374790907,599.9749072032049
603,964.3077937185765,640.1622329968493,558.5173146959394
604,964.1140776596964,642.1960560228675,592.231628199108
605,963.5443897388875,627.6960972756148,600.2419142561033
606,962.5600444376469,614.9216950431929,617.2718520413154
607,960.0553018331527,675.3433690289036,555.2223954104818
608,959.5591704241931,650.3651423525065,602.1511138858274
609,959.1413958974183,622.8636159124551,623.3285018729046
610,958.5563208632171,642.2658556751907,604.0425894754007
611,958.5013489611447,640.6745139257749,620.9021193021908
612,957.383760380745,671.0114979684819,557.6041505538858
613,956.7488044977189,664.0123016942758,558.4735185557045
614,954.9697622805834,553.2899274725933,634.7615001031197
615,954.2354064010084,647.7188556917012,614.1626549558714
616,953.6147078871727,673.7345414976124,555.2809325628914
617,952.9422618754209,626.4931285782484,625.9172757567837
618,951.630776065588,667.2307630538941,558.1493242640979
619,951.6088996976614,555.4558687109966,633.2600220569409
620,951.4072570025921,674.0948606727645,558.7251761754044
621,951.2893614947795,679.1443941947539,555.2548355151899
622,951.1177222192288,679.3766635796521,558.4438850958832
623,950.7534005485475,643.6155435187509,616.1606195243075
624,950.6840187847615,661.2986435316038,561.5099203457124
625,950.4861180625855,642.2668798310449,616.3563513578847
626,950.3108029484749,667.7882541632746,559.7888207037934
627,949.9266500920057,555.9749601196963,628.7659407087601
628,949.9062143489718,557.2739186931867,630.1832985409535
629,949.9004301965236,672.6129239577334,564.3881660276093
630,949.7035671919584,558.7517252911348,632.4036056526936
631,949.277193173021,643.7018481806851,617.4030464859679
632,949.2248079441488,632.0255386874079,621.1283779250458
633,948.8282177895308,559.5143793274183,632.8251246341504
634,948.7920319847763,633.3672459840774,622.9518860237673
635,948.7358939953149,640.191476670187,626.0501564847306
636,948.5006116211414,553.7672428473364,636.1220454142428
637,948.4606341563165,642.2016980496235,621.79618888814
638,948.4569715201854,676.1014106235001,562.2784937848337
639,948.4562931209803,556.0531693242956,632.9836348720826
640,948.42602898404,645.0265569684095,614.2331197397783
641,948.3419601678848,554.321703020623,633.9916647405364
642,947.9593162246049,642.1564377351664,625.6013647275046
643,947.9277421675622,642.7221605923958,621.5540134878829
644,947.8791441313922,644.6468694523908,616.4371121125296
645,947.6887720137835,561.301953573944,630.7859827646055
646,947.6260427474975,676.1131446020212,559.1922091771848
647,947.0207744114101,646.9052511413581,616.0548586534336
648,947.0127305328846,674.5030900532845,562.2794005532749
649,946.9683004878461,643.4401997651904,623.3448723362759
650,946.9232696600259,643.4652827057056,627.6468372674659
651,946.8939022131265,643.6036881777458,627.8327754171565
652,946.8129584372043,555.7070644221734,635.1162732110358
653,946.8050961367786,652.9901075685164,619.7806227566674
654,946.6189644128084,559.8421761789825,633.2770963051356
655,946.5915547274053,644.1645271804183,623.09098448921
656,946.0600868932903,649.2415707582375,620.1383920745924
657,946.0258639626205,651.4960913086077,621.3644902842119
658,945.9937276549638,642.5435692147352,628.1346300275997
659,945.7512842297554,555.0132345523219,635.5998047159053
660,945.6697697281837,676.2178262773435,561.6738763977773
661,945.6372615404428,647.4897802147083,635.6820480408147
662,945.4581914640963,648.4444947030395,625.4210157083347
663,945.276609646529,653.6794593507191,619.3600334288552
664,943.669252076,649.8032417779789,627.4445991428569
665,943.4129059739412,648.9962832006626,631.4531014205888
666,943.1736419044436,653.846189120016,618.874194261618
667,942.7087974689902,653.7358621909981,619.4955278756097
668,940.8490044943989,653.2237048322102,621.8008578332141
669,940.3781426154078,650.6675211042166,627.7692251684144
670,939.9398506887258,648.2019767794758,631.5123407835141
671,939.7593465156854,649.0722512040287,631.6088008465246
672,939.2357849620283,653.924232208915,618.394184765406
673,938.9869350932539,654.7807745079509,617.46801512409
674,938.928333670646,649.1963750734925,631.5788558604196
675,938.0586491785944,650.3456518080085,631.8544419141487
676,937.7402593754232,652.1780689375474,630.7883337618783
677,937.1885018907487,651.3198827521875,631.318647656031
678,936.9202743552626,652.5549827759852,630.0467531295494
679,936.7254046402873,648.8519611941417,632.0482168229297
680,936.5581138931216,658.1816949687898,602.1709291147068
681,936.5158339343966,659.6262909743934,598.8519357921556
682,936.2304183833302,653.1331897919764,636.4503303142264
683,936.1950083248317,653.6947418169118,622.092407858558
684,935.6250501766801,763.4611830906244,509.76122420364993
685,935.4084714248777,764.9782040463062,519.1770457354374
686,935.3906836174428,654.4790207589045,617.8999451147392
687,935.0492284841836,653.6237845850177,628.9087228002027
688,934.8169262595475,653.2745853286236,629.8561356218531
689,934.5776514314116,655.2516650084406,618.8093385504559
690,934.4555290535093,765.1733061419102,519.4707464304753
691,934.2979657247663,766.0778669015738,515.8739849709906
692,933.9861101455987,644.3705872909165,637.6169554558583
693,933.4005695179105,765.4303598896834,517.8448913031258
694,932.3716985784472,660.4384069547057,601.7584377186373
695,932.347306676209,767.9715005197795,515.6856314056553
696,932.070360891521,773.8193221056135,524.5389482561499
697,931.957123284787,662.7671917185187,604.321052874811
698,931.3841395922005,653.5399422362447,629.0357792796567
699,931.3773113064468,659.1321913251653,620.5655519889667
700,930.5687062337995,768.9606567532988,524.9859633975663
701,930.3892802670598,769.6972304024966,530.7087013834156
702,929.9354769609869,640.9552234934642,639.4315338251181
703,929.7080543659628,642.1081342475488,639.0699163195677
704,928.9461047671736,643.1165042297914,640.1219099578448
705,927.2935308761895,644.6035827414132,639.7786013451405
706,926.9240773513914,769.9166684382828,529.988152318541
707,925.8757105663419,773.1982492291602,528.16371265091
708,925.3122596338392,775.387301602331,528.8644821796566
709,924.3961320243776,642.2389906870201,642.048852999229
710,922.5438128709793,669.514955783356,581.4957077166997
711,921.7878606647253,664.3428660669364,588.7306380617432
712,921.6902356341482,778.7659104683669,526.5897350583225
713,920.5637450411916,778.6773246483178,527.3262090954929
714,920.5526933550834,666.1819833331741,592.1429268709384
715,920.4917667686939,668.2847782858647,598.884437156003
716,917.9068205535411,670.7472185083665,597.1248671087436
717,917.6194644421339,703.7205700504128,598.7065548887476
718,917.3743267208338,711.2408671660814,596.779737859033
719,915.8086916193366,780.5531683145324,488.49550292806236
720,915.3907141044735,768.3273394675226,541.312471629493
721,915.1810522451997,781.9942471579183,522.4978904593736
722,913.8906387835741,707.2781249240506,601.6756114354357
723,913.8632891625166,708.1112219330389,602.3601111909375
724,913.7475507125259,749.4482487889239,559.8396756827831
725,913.555466221273,749.5044390486786,559.7993131756782
726,913.1905153244734,708.1390448922757,602.355674280785
727,913.1547099664807,786.4023221737473,535.1022550098598
728,913.0396754220128,760.0308592007729,542.2830369723961
729,912.7674637436867,708.2303815318737,599.3466101111844
730,910.888568674028,774.5067000226351,549.783031463623
731,910.7631206065416,710.9270146817435,600.9317639460787
732,910.419305935502,710.9946151771583,600.7079437961802
733,910.2936393037438,791.2912774377968,536.3940495066345
734,910.1917834430933,711.2447555337567,600.1720412811264
735,910.1642107978463,764.0480547872139,561.9723990337923
736,910.0664768829942,793.0006385927321,545.1688748784363
737,908.4744984060526,713.0346984744538,599.1690794369206
738,908.4609568268061,705.2448288805317,605.0855371495709
739,907.8017245680094,713.0625214336906,599.1646425267681
740,907.6062039583921,712.3689147934783,599.6593075981364
741,907.339894220233,712.4578623876441,599.55439069774
742,906.5887291282415,715.8959874145221,596.6717103635892
743,906.172455444932,714.6313903469127,597.8702790206298
744,905.9929108768702,719.6677715114783,593.1099067786708
745,905.5054922744632,760.1382023385959,569.3354704484343
746,905.1480535715818,715.325916844653,597.4983977368101
747,905.0784402042627,716.8386630893219,600.8166564693674
748,904.6761846393347,716.2431171725038,601.4175458690152
749,903.2376792281866,719.4733078412246,599.5285226171836
750,901.3207137659192,775.0343493520049,548.7971062039956
751,901.0568838864565,721.2525311938953,591.4868211494759
752,900.4848038479686,755.036664505233,570.1442430572584
753,900.3150024965405,780.2990339508979,551.2814851798116
754,900.3014861971141,663.8242066083243,605.4121629642323
755,900.0300205245615,766.7345012660371,561.1755190744996
756,899.1174434319139,778.3299442960648,553.9123162414878
757,898.9354932919144,795.4621224777075,540.3496760712703
758,898.8243350967765,783.8023218688787,551.454972037673
759,898.2375343590975,720.9026461166795,597.477884885855
760,898.2222491949797,721.0333189622033,597.1948428126052
761,898.147616751492,780.2218084781198,551.5531744178384
762,897.7757609084249,777.1447563849622,570.6818095423281
763,897.3709787279367,728.2218213013839,596.8225312074646
764,896.8363924771547,730.5265816829633,597.2975723287091
765,896.4472154930234,778.700082507613,554.788085752353
766,895.5125993862748,778.3677017955807,566.1050713632255
767,894.6224349290133,732.6981367252301,593.7807941110805
768,894.5806219428778,732.9984298874624,594.6533080274239
769,892.6186801046133,726.5454145602416,597.5951163610443
770,892.2150759771466,781.1004656522301,551.490982768312
771,890.5430982619524,733.7471306470688,591.6216921644285
772,890.3659059777856,779.8733342150924,552.9134264212101
773,888.5538153186441,782.0307769893435,565.745985654369
774,885.3270830199123,751.9093843370443,639.1140905269888
775,884.8412801548839,753.5156600791728,636.1410052251537
776,880.6320626661181,756.4157956558978,638.5973935794551
777,880.300247220695,756.4829219165956,639.5657900583465
778,879.7312764503062,764.1300183750922,610.026488187816
779,879.2364215828478,761.4407358162338,611.8467265694402
780,879.0703444749117,763.0829996140441,639.4123333428521
781,878.6490726448595,764.2088452570373,615.5654895632528
782,878.1195008948446,769.3841701274039,623.605853576865
783,878.0930815011263,765.8609515083721,642.205041486444
784,876.5081434525549,766.7607875216985,624.0689100413583
785,874.6460446640849,768.4015865497989,640.8347762037534
786,872.7959817200899,775.3841516755754,624.7431272316724
787,872.6969986483455,767.7479218961438,641.3694600124378
788,872.4542867220938,771.076120098331,625.75833688071
789,871.3674292236567,769.0356893397169,636.1404692685697
790,870.7982704788446,777.8830100380117,621.6762767538428
791,870.5835283026099,770.3090577104362,640.0119939750526
792,869.3926439151168,770.7874093719059,634.4304826571606
793,869.3620192632079,769.3019062964944,640.6031177124474
794,866.6509781107306,771.8844655542401,638.757714979956
795,865.9632000789046,773.2501594901318,636.1041077398695
796,865.8815221056342,775.1413734182482,629.4968353158329
797,865.5532663740217,778.2937109200051,621.2112112282775
798,865.0665152087807,775.2887713461881,629.4027422706131
799,864.436337159574,776.2741538649192,628.9589913582895
800,863.7743053898215,775.7284830016782,629.4479841685388
801,863.4176576599478,779.2656605643919,632.2060217058752
802,863.1613840445876,767.8942927703029,641.7767249858473
803,863.0732898876071,783.8692216900876,630.5753733008169
804,861.8513283416629,779.5904428584269,636.9957251592539
805,860.9669639453292,769.2886370405322,641.3124737954233
806,859.2263695284724,772.6153074711328,638.9191690003966
807,859.0746483907103,769.5549765689066,641.9533634847496
808,858.6157975837589,784.115488531231,625.1486385264434
809,858.255922792852,771.8711962982779,639.4670710629318
810,857.9223186716438,792.0986344895093,627.2519325311296
811,857.68006695956,771.1316936048447,640.798736460926
812,857.5810523614288,772.1154728544643,639.6637105262373
813,857.5622743412853,794.4550723742461,621.7508541694376
814,856.5286583468319,770.2254323302536,641.2570139993447
815,856.377565996349,770.0990741285264,641.5063766617793
816,856.2755931541324,772.82349875418,637.1772099143359
817,856.0567422255874,780.3762733394979,637.8672310954425
818,855.9755963668227,775.9914642557269,642.7679509586189
819,854.8371254488826,779.1988554502605,645.278840786824
820,854.713471262157,784.0539162958739,641.9257073468063
821,852.625978268683,800.147321068612,563.0107263363898
822,852.5638905510307,792.2446924230783,626.7838947321288
823,852.1976739034056,786.2812504060333,634.5236237889621
824,851.4840593963861,787.0476297667017,632.1546964606736
825,850.0496597751975,785.8562836562982,635.0342551714275
826,849.1251211501658,793.4195278460859,626.3394851482474
827,848.6193137653172,797.594519285555,616.9539967366494
828,848.6106577798724,784.7080719103803,638.5156675762031
829,848.3576020807028,800.5677168765338,552.8286367028952
830,848.1201855376363,823.6737568785669,583.3450395107269
831,848.0782392583787,789.4695074988297,627.3389803937637
832,847.6895279325545,793.4577375987312,625.4068136311137
833,847.4917952902615,787.5948382986477,629.3375315305777
834,847.054328905046,789.7347568506142,635.1178682690952
835,847.0500651165843,800.8627401198959,626.5272182619665
836,847.0096249915659,792.8883801635122,628.8825043163263
837,846.0768412142992,789.7821250734618,634.3157208731864
838,846.0638561412692,792.3277509798994,636.2650783082936
839,845.9926352784038,795.8333035288146,638.5582403323148
840,845.468858037144,796.0837447682163,631.4331489226781
841,843.8283734731376,796.5639888552716,626.6795638634824
842,843.5517022967339,785.5801440705312,640.8242586032487
843,842.9201526507735,800.86997603958,644.0975595086813
844,840.2711193881929,800.9791141507915,621.0180203386583
845,839.1186953552067,802.3893416282488,618.364430859778
846,838.243345952779,803.1519956645323,618.7859498412348
847,838.0848053082824,795.3561897519743,645.656379249692
848,837.3196566350758,802.3159315146273,634.4023346782662
849,836.5350747354329,807.4991980351275,635.3995269269683
850,835.8568849936128,824.0760682640364,576.0962866768241
851,835.6679035201669,827.1824903754284,580.8469477146864
852,835.6027704693377,803.6953194901114,637.1874022931792
853,833.6787707574665,801.1648842340103,637.2715394362807
854,833.5474627807737,824.1191627179505,581.6081481829285
855,833.2698945388198,797.0881204157835,646.4735194072127
856,833.0510660983622,801.2724266916281,642.0178308263421
857,833.0166020289064,828.0357854386093,576.1945863246917
858,832.6907316729427,801.4913797961315,642.0171359553933
859,832.6598206564784,803.7531123090769,645.7919706270098
860,832.4929022684694,828.1498285551788,578.3675520896911
861,831.8182261779905,824.2001421853201,581.8191348269581
862,830.6928654685616,828.9648063292494,579.4671969741582
863,830.6149783983826,790.3087742635747,647.0277210060507
864,830.3419232465327,804.8258043981856,635.6825774524361
865,829.5979529127478,808.5234662298346,650.3172982051968
866,829.4704275108874,831.9209146426758,614.3254693076946
867,828.3513875380158,811.7544633336132,641.2936498004943
868,827.6031840458512,818.9851501269965,633.7118210479617
869,827.0618293501436,832.8468957023463,613.8231176479719
870,825.838098372519,812.2360050752526,649.9702903080731
871,825.6783708408475,769.1171399692306,652.6554541323334
872,825.1502123095095,833.0286537950626,615.8135869546793
873,824.7502083435654,810.7361308485036,650.8218132156878
874,824.587308318913,771.0237587853102,652.9021165673621
875,824.3816015914083,800.8505620561307,651.708488142863
876,823.9469719544053,819.2606117252959,634.2520973518491
877,823.8486883498729,833.7746446208796,610.5454244359396
878,823.2146832920611,835.7395069734193,602.6992010095157
879,822.9077611759305,812.4134679588722,634.9928332913667
880,821.9478207543492,771.5098983675474,653.6061650370248
881,821.8850817538798,835.8696114570834,602.4223935195245
882,821.8285293295979,814.6686508257641,635.239057315886
883,821.4854440405965,815.1307724986924,635.1374299064279
884,821.0286462880671,823.5772741208784,617.9981041519902
885,820.8593909159302,817.0478372548474,643.3732550129295
886,819.5217342235148,838.3856810993515,592.7918179883621
887,819.4424686141313,839.7723056823946,603.6591307931579
888,819.3407772041858,840.6334706666879,592.8591015451588
889,818.7178131595253,820.4836043973221,630.2535934939981
890,818.4093560770154,758.1020823578583,654.2475829058327
891,817.5711012855172,760.0503182140877,654.2607984655536
892,816.3984567828477,829.7314820597879,616.9358711346052
893,816.0607323504985,827.0237685973756,617.9985147445462
894,815.8786457695066,836.6901877435855,607.5330494730733
895,815.7157753899694,815.5143429859775,646.8169708523899
896,815.5681021071971,833.3875287800096,613.0038798852823
897,815.4668871834874,818.4057841806905,645.5229023668915
898,813.9340402938426,841.7143761842511,595.5560120447539
899,813.7698877461255,840.904003921058,608.3711728035472
900,813.3515811339021,751.2371114312904,655.7166588568128
901,813.1264381185174,751.8103856730507,655.3827623688616
902,812.9752991206944,841.420586350467,608.6198155908845
903,811.578517497331,844.0996488063596,608.4605572103522
904,810.647601813823,841.7106470187194,609.1938478230499
905,810.3271341100335,749.627891961229,656.4620417022146
906,810.1395939983428,823.50273578146,622.7743435271084
907,810.0749816372991,749.2916383656906,656.8116960563697
908,809.9481169886888,842.7314617215656,609.3546990557574
909,809.0528983339667,824.4377299325308,619.067532171309
910,808.7836060091853,824.3385115207872,626.5257409855724
911,808.5599328950047,750.626071612374,655.7500451766886
912,807.6513165697455,821.0957305758959,627.1014837764203
913,807.5473227873445,750.9558553283335,655.921387706045
914,807.4287962183356,821.3270936367801,627.1768184445798
915,807.3467501439154,826.9708436034387,620.1182306177914
916,806.3102145828307,829.6128210393479,618.7837178140878
917,805.6778868474066,825.544860949344,620.3841515697538
918,805.6435924209654,827.3774830667069,619.2422819651663
919,805.2854264244437,823.5087343232474,627.2907430127264
920,805.2191337056458,845.0295322079212,608.7247888430022
921,804.6787998117507,828.4468110395362,618.8581165887415
922,804.1926109470427,827.0036113930634,621.0791567295789
923,803.7909638948738,845.0681021003984,606.335801924672
924,803.6752080358565,827.9680972356116,620.3205936022102
925,800.7680729612708,824.4620853366098,624.1957434043288
926,796.7962514467538,827.7232646194985,622.795702278614
927,796.2457938499749,832.3192767290166,620.8219288796187
928,795.3080626294018,819.1674614103277,636.511685063038
929,793.8355324730278,820.8233364673098,636.3430867925287
930,788.6576634988189,821.2442295634188,633.979096378386
931,787.8491833552719,822.305273474101,633.3173920504748
932,786.3631767377258,824.6372336232104,633.1803484365344
933,747.7986658766865,874.7692403647583,478.62683438956736
934,747.6065813854336,874.8254306245129,478.5864718824625
935,747.0810009494423,873.8861080038827,505.1291761834174
936,746.6101577162742,850.9967103458009,517.3065325866453
937,745.7517355024814,846.5555499321781,518.1103582854382
938,745.3471370890736,876.5029704052489,493.13831422924994
939,745.2574639871716,878.2992204952519,477.76870613247155
940,744.8996475517749,888.78694133237,509.6490974638611
941,743.8780720859766,855.5248651362024,521.8509021054022
942,743.8780720859766,855.5248651362024,521.8509021054022
943,742.3771474540233,864.6313173339702,524.9627468089573
944,741.0413466125726,865.9212249225936,526.3806930614635
945,740.7928271561861,867.6141837387346,519.3219789962284
946,740.5772748857737,866.9548484309577,519.5625698368065
947,738.5137736618519,869.925076201465,515.6267510975711
948,738.4276309564709,889.4676885433495,506.28186595886945
949,738.3782516986132,870.4887220411562,517.4488962690345
950,738.2301028698682,868.3108317690901,518.099729685299
951,737.4195205003023,865.1001822344958,526.686678898707
952,737.0354631096125,869.4141102722846,518.1425137351267
953,736.6339246690274,892.3913705024868,496.82978600412605
954,736.4690160870553,866.9002989248372,521.5499487097375
955,736.42910900414,868.6763644962572,518.6055626968853
956,736.3391084372997,866.2430153624155,525.5111655909568
957,736.3313988476991,864.6425500816665,526.7880972746759
958,736.3313988476991,864.6425500816665,526.7880972746759
959,735.8612787753343,868.475565612968,524.27576748766
960,735.4826336041093,890.6983030710369,509.26012046225367
961,735.3726745575666,866.9990357897244,524.6618174675853
962,735.3388138979674,868.9787928759121,519.2465953926555
963,735.15378472507,864.9751700839959,527.3882442835718
964,733.8295043736696,867.5472800067625,524.8741288606077
965,733.1920031741262,893.646421489492,509.6095161899924
966,732.924510627985,870.9044498271309,511.8503560627811
967,732.8159214690328,893.7113704655319,509.5202595159411
968,729.3952841639518,895.194514593482,510.4505192164332
