0,[50, 78, 77, 66, 55, 65, 64, 73, 63, 53, 52, 51, 61, 60, 59, 69, 82, 83, 95, 106, 96, 107, 118, 119, 130, 142, 153, 154, 164, 173, 165, 166, 174, 182, 183, 175, 176, 168, 157, 156, 167, 155, 144, 143, 131, 120, 109, 98, 99, 89, 78, 51, 79, 68, 69, 70, 71, 72, 85, 97, 86, 74, 75, 65, 54, 45, 44, 43, 35, 26, 19, 18, 25, 33, 34, 42, 52, 62, 72, 84, 94, 104, 93, 105, 116, 117, 129, 141, 152, 163, 162, 151, 140, 139, 128, 127, 115, 103, 92, 81, 91, 80, 79]
1,[49, 78, 77, 88, 87, 86, 74, 63, 72, 71, 82, 70, 83, 84, 95, 106, 117, 118, 130, 141, 152, 164, 163, 153, 142, 154, 166, 174, 165, 175, 183, 176, 184, 177, 185, 186, 178, 169, 168, 167, 155, 156, 145, 144, 132, 121, 110, 99, 89, 78, 49, 79, 68, 59, 49, 40, 41, 34, 35, 26, 35, 36, 28, 27, 20, 21, 14, 7, 13, 12, 19, 18, 25, 33, 42, 51, 62, 73, 85, 96, 97, 109, 108, 107, 119, 129, 139, 138, 150, 162, 151, 140, 128, 116, 105, 94, 93, 92, 91, 79]
2,[51, 78, 90, 100, 111, 122, 133, 134, 145, 144, 156, 167, 168, 157, 169, 178, 177, 176, 184, 183, 175, 166, 165, 154, 155, 143, 131, 120, 108, 97, 98, 88, 87, 86, 85, 84, 83, 94, 93, 92, 91, 103, 115, 116, 117, 129, 119, 109, 110, 99, 89, 78, 51, 79, 80, 81, 91, 102, 114, 126, 127, 138, 127, 128, 139, 140, 150, 151, 162, 161, 171, 172, 162, 163, 173, 164, 152, 153, 142, 141, 130, 118, 107, 106, 95, 105, 104, 93, 82, 71, 61, 51, 42, 34, 35, 27, 26, 25, 33, 41, 50, 59, 68, 79]
3,[49, 78, 89, 99, 110, 111, 122, 134, 133, 144, 155, 144, 154, 165, 173, 163, 162, 151, 140, 139, 127, 115, 105, 93, 83, 82, 94, 95, 107, 106, 118, 130, 131, 132, 121, 120, 119, 108, 97, 96, 84, 72, 73, 85, 86, 87, 98, 88, 77, 78, 49, 79, 80, 81, 70, 71, 61, 50, 41, 33, 25, 34, 42, 51, 62, 63, 74, 64, 75, 76, 89, 100, 112, 123, 135, 145, 146, 157, 156, 168, 167, 166, 175, 182, 174, 164, 153, 143, 142, 152, 141, 129, 128, 117, 116, 104, 103, 92, 91, 79]
4,[49, 78, 77, 88, 100, 111, 122, 133, 134, 145, 144, 143, 131, 132, 120, 119, 129, 117, 106, 96, 84, 73, 62, 61, 52, 51, 42, 34, 35, 27, 26, 25, 33, 41, 50, 60, 69, 70, 71, 82, 83, 72, 85, 74, 86, 97, 98, 99, 89, 78, 49, 79, 91, 103, 115, 116, 128, 127, 139, 150, 162, 171, 172, 181, 182, 175, 166, 155, 156, 168, 167, 176, 184, 190, 183, 174, 173, 164, 165, 154, 142, 153, 163, 152, 151, 140, 141, 130, 118, 108, 107, 95, 105, 104, 94, 93, 92, 81, 80, 79]
5,[48, 78, 90, 100, 111, 110, 121, 132, 143, 133, 134, 144, 145, 156, 166, 154, 155, 165, 173, 164, 172, 171, 161, 162, 152, 153, 163, 162, 151, 140, 139, 128, 129, 141, 130, 118, 106, 105, 94, 104, 93, 83, 95, 85, 86, 75, 88, 89, 78, 48, 79, 67, 79, 68, 80, 69, 70, 59, 60, 50, 41, 33, 26, 19, 27, 21, 14, 7, 13, 20, 12, 18, 25, 34, 42, 51, 61, 62, 73, 84, 96, 107, 119, 108, 97, 98, 99, 87, 74, 65, 64, 63, 72, 71, 82, 81, 91, 79]
6,[49, 78, 89, 100, 111, 122, 133, 134, 145, 144, 156, 167, 175, 182, 189, 183, 184, 176, 166, 174, 173, 172, 162, 151, 163, 152, 164, 165, 155, 143, 153, 154, 142, 141, 130, 129, 118, 128, 117, 106, 107, 96, 95, 85, 86, 98, 87, 76, 77, 78, 48, 79, 67, 68, 59, 49, 40, 33, 34, 26, 25, 32, 41, 50, 61, 72, 84, 85, 97, 108, 119, 120, 109, 99, 88, 75, 74, 63, 73, 62, 52, 51, 60, 71, 70, 69, 80, 81, 93, 83, 82, 94, 105, 115, 103, 104, 92, 91, 79]
7,[50, 78, 90, 101, 100, 111, 122, 133, 144, 143, 155, 156, 167, 166, 175, 174, 165, 164, 153, 154, 142, 131, 130, 119, 120, 108, 97, 96, 85, 84, 72, 62, 51, 41, 34, 25, 19, 18, 12, 20, 28, 35, 43, 53, 63, 73, 86, 87, 88, 89, 78, 51, 79, 68, 69, 70, 60, 61, 52, 44, 37, 29, 22, 23, 30, 38, 45, 44, 36, 27, 26, 34, 33, 32, 40, 49, 59, 58, 68, 80, 81, 92, 104, 105, 116, 117, 127, 128, 140, 151, 163, 152, 141, 129, 118, 107, 106, 95, 94, 93, 103, 91, 79]
8,[49, 78, 77, 76, 75, 74, 63, 52, 43, 35, 27, 26, 19, 18, 25, 32, 33, 34, 42, 51, 62, 71, 83, 94, 93, 105, 95, 107, 106, 117, 118, 129, 141, 153, 165, 174, 181, 173, 163, 172, 164, 153, 142, 131, 121, 109, 98, 99, 89, 78, 49, 79, 67, 68, 80, 81, 82, 70, 60, 61, 72, 84, 73, 85, 86, 97, 96, 108, 119, 120, 132, 144, 155, 166, 175, 176, 168, 167, 157, 156, 146, 134, 145, 133, 143, 154, 153, 152, 162, 151, 140, 128, 116, 104, 115, 103, 102, 92, 91, 79]
9,[48, 78, 89, 99, 110, 121, 132, 144, 145, 155, 156, 157, 167, 166, 176, 177, 184, 175, 183, 189, 182, 181, 173, 174, 164, 165, 154, 153, 152, 163, 151, 139, 127, 115, 126, 116, 105, 106, 96, 85, 72, 61, 62, 73, 74, 87, 88, 77, 78, 51, 79, 67, 58, 68, 80, 91, 103, 104, 93, 83, 71, 60, 50, 41, 32, 33, 34, 42, 51, 52, 53, 63, 64, 75, 86, 97, 107, 117, 118, 129, 128, 140, 141, 142, 143, 131, 130, 119, 108, 107, 95, 94, 84, 83, 82, 70, 69, 81, 92, 91, 79]
10,[49, 78, 90, 101, 112, 113, 124, 136, 147, 135, 123, 133, 134, 145, 144, 154, 164, 173, 163, 152, 151, 141, 140, 128, 116, 104, 115, 103, 93, 92, 91, 80, 68, 67, 58, 69, 70, 60, 61, 71, 83, 84, 95, 96, 108, 97, 98, 88, 89, 78, 48, 79, 68, 59, 50, 51, 62, 63, 52, 43, 44, 45, 53, 54, 64, 73, 85, 86, 87, 99, 109, 110, 121, 120, 119, 131, 143, 155, 156, 168, 158, 146, 157, 167, 166, 165, 153, 142, 130, 118, 117, 107, 106, 105, 94, 82, 81, 80, 79]
11,[48, 78, 77, 66, 76, 75, 87, 97, 96, 84, 73, 72, 62, 71, 70, 81, 93, 105, 116, 117, 118, 107, 119, 108, 120, 130, 131, 121, 133, 144, 156, 155, 166, 176, 175, 184, 177, 167, 168, 157, 158, 146, 145, 134, 123, 111, 100, 89, 78, 51, 79, 91, 92, 91, 102, 114, 103, 92, 103, 104, 115, 127, 128, 129, 140, 141, 142, 143, 154, 165, 174, 182, 183, 191, 190, 189, 181, 172, 163, 164, 152, 153, 142, 132, 122, 110, 109, 98, 97, 96, 86, 85, 95, 106, 94, 83, 82, 69, 68, 80, 79]
12,[50, 78, 90, 101, 90, 77, 76, 75, 74, 64, 75, 88, 89, 90, 100, 110, 109, 120, 121, 133, 134, 145, 157, 156, 155, 143, 142, 153, 152, 162, 161, 150, 139, 129, 128, 117, 116, 115, 103, 104, 92, 93, 94, 105, 106, 96, 86, 87, 76, 77, 78, 48, 79, 68, 59, 60, 61, 72, 84, 73, 85, 97, 98, 108, 97, 98, 99, 111, 122, 132, 144, 154, 166, 167, 175, 174, 165, 173, 172, 164, 163, 151, 140, 141, 130, 119, 118, 107, 95, 83, 82, 81, 70, 71, 60, 50, 59, 69, 80, 79]
13,[49, 78, 77, 76, 75, 86, 74, 64, 54, 45, 53, 62, 72, 84, 96, 85, 97, 109, 120, 131, 132, 143, 144, 156, 166, 174, 173, 164, 165, 155, 154, 142, 141, 153, 152, 163, 162, 151, 140, 129, 117, 116, 106, 107, 108, 98, 87, 99, 89, 78, 49, 79, 91, 102, 91, 103, 102, 91, 81, 68, 69, 70, 60, 59, 50, 41, 33, 42, 34, 35, 36, 28, 27, 26, 18, 25, 19, 12, 20, 21, 29, 38, 37, 44, 52, 61, 71, 82, 83, 94, 95, 105, 115, 114, 103, 104, 93, 92, 80, 79]
14,[48, 78, 77, 76, 88, 87, 75, 74, 65, 64, 53, 52, 42, 35, 26, 20, 19, 18, 25, 33, 41, 50, 60, 69, 82, 81, 91, 103, 114, 126, 116, 128, 140, 152, 141, 129, 117, 106, 94, 95, 96, 97, 108, 120, 121, 110, 99, 89, 78, 49, 79, 67, 68, 59, 70, 83, 71, 61, 62, 61, 51, 43, 34, 27, 28, 21, 22, 29, 37, 36, 44, 54, 63, 73, 72, 84, 85, 86, 98, 109, 119, 118, 107, 119, 130, 142, 153, 164, 163, 151, 139, 127, 115, 105, 104, 93, 92, 80, 79]
15,[49, 78, 90, 100, 111, 122, 133, 145, 144, 156, 157, 168, 167, 166, 175, 174, 173, 163, 162, 161, 149, 139, 138, 126, 116, 104, 93, 92, 81, 69, 70, 59, 60, 51, 62, 61, 71, 82, 83, 84, 94, 105, 117, 106, 107, 97, 98, 88, 89, 78, 50, 79, 80, 92, 104, 116, 117, 118, 129, 141, 130, 120, 109, 110, 99, 87, 86, 74, 73, 63, 72, 85, 96, 95, 96, 97, 108, 119, 120, 121, 132, 131, 142, 143, 155, 165, 164, 154, 153, 152, 151, 150, 140, 128, 127, 115, 114, 103, 102, 91, 79]
16,[49, 78, 77, 90, 101, 112, 123, 113, 124, 135, 146, 156, 144, 132, 142, 141, 140, 139, 128, 117, 105, 94, 93, 83, 70, 60, 51, 42, 34, 26, 25, 33, 41, 50, 61, 71, 84, 95, 106, 107, 96, 108, 118, 130, 131, 121, 110, 99, 89, 78, 48, 79, 80, 81, 82, 92, 104, 116, 127, 128, 129, 119, 120, 109, 97, 98, 88, 100, 111, 122, 134, 133, 145, 155, 167, 176, 166, 175, 174, 182, 181, 173, 165, 154, 143, 153, 164, 152, 151, 163, 162, 161, 150, 138, 126, 115, 103, 91, 79]
17,[50, 78, 90, 101, 100, 99, 110, 121, 132, 133, 134, 145, 156, 157, 158, 168, 167, 166, 175, 165, 154, 153, 152, 141, 129, 119, 108, 107, 106, 95, 94, 93, 103, 114, 102, 92, 82, 70, 60, 71, 62, 72, 83, 84, 96, 85, 97, 98, 88, 89, 78, 49, 79, 68, 81, 93, 105, 117, 129, 140, 151, 162, 163, 164, 173, 174, 182, 183, 190, 191, 184, 185, 186, 179, 178, 169, 177, 167, 155, 144, 143, 142, 131, 130, 118, 117, 105, 116, 128, 138, 150, 139, 127, 126, 115, 104, 92, 81, 80, 91, 79]
18,[48, 78, 77, 66, 55, 65, 54, 63, 62, 63, 74, 73, 72, 61, 51, 42, 43, 52, 53, 64, 75, 76, 77, 90, 100, 111, 121, 110, 98, 108, 107, 106, 94, 82, 81, 92, 80, 68, 59, 69, 70, 83, 95, 96, 86, 87, 88, 89, 78, 49, 79, 67, 58, 59, 60, 61, 71, 84, 85, 97, 109, 120, 131, 119, 129, 128, 139, 140, 151, 150, 162, 163, 153, 154, 155, 166, 156, 167, 176, 184, 175, 183, 182, 174, 165, 164, 152, 142, 141, 130, 118, 117, 105, 116, 104, 93, 103, 91, 79]
19,[49, 78, 90, 77, 76, 66, 65, 54, 45, 44, 35, 26, 19, 27, 20, 13, 14, 21, 29, 28, 37, 36, 43, 42, 41, 51, 62, 71, 70, 69, 68, 80, 92, 103, 115, 114, 102, 103, 104, 94, 95, 107, 108, 109, 97, 86, 87, 88, 89, 78, 49, 79, 68, 59, 60, 61, 52, 53, 63, 73, 64, 75, 74, 85, 84, 96, 106, 118, 119, 130, 141, 142, 132, 143, 144, 156, 155, 154, 166, 167, 168, 177, 176, 175, 174, 165, 164, 163, 153, 152, 140, 129, 117, 116, 105, 93, 82, 81, 91, 79]
20,[46, 78, 77, 88, 98, 110, 121, 132, 121, 120, 131, 142, 154, 143, 144, 155, 166, 175, 167, 168, 177, 184, 191, 185, 176, 183, 174, 165, 173, 172, 162, 150, 138, 128, 117, 105, 116, 104, 94, 84, 73, 86, 97, 109, 99, 89, 78, 48, 79, 68, 69, 60, 61, 51, 42, 43, 34, 35, 27, 26, 33, 41, 50, 60, 70, 81, 82, 71, 84, 96, 107, 108, 119, 130, 141, 152, 153, 164, 163, 171, 161, 151, 139, 140, 129, 118, 106, 95, 85, 72, 83, 93, 92, 103, 91, 79]
21,[49, 78, 90, 101, 112, 100, 99, 110, 111, 123, 122, 133, 121, 120, 108, 119, 118, 129, 139, 138, 127, 117, 107, 106, 95, 96, 84, 83, 70, 82, 71, 60, 50, 41, 33, 40, 32, 25, 34, 42, 51, 61, 72, 73, 85, 97, 98, 88, 89, 78, 48, 79, 80, 91, 103, 114, 115, 127, 117, 118, 130, 141, 131, 143, 155, 154, 166, 165, 174, 175, 167, 176, 177, 169, 168, 157, 156, 145, 146, 134, 144, 132, 142, 153, 152, 164, 163, 151, 140, 128, 116, 105, 94, 104, 93, 92, 81, 68, 79]
22,[49, 78, 77, 76, 75, 87, 74, 63, 62, 73, 72, 71, 70, 81, 69, 60, 70, 82, 83, 84, 85, 97, 108, 120, 131, 141, 152, 164, 165, 154, 153, 163, 172, 162, 151, 140, 151, 161, 150, 139, 128, 116, 105, 106, 96, 86, 98, 99, 89, 78, 46, 79, 91, 102, 114, 126, 115, 127, 117, 129, 119, 109, 121, 110, 122, 133, 134, 146, 145, 157, 156, 168, 176, 183, 175, 182, 189, 181, 173, 174, 166, 167, 155, 144, 132, 143, 142, 130, 118, 107, 95, 94, 93, 104, 92, 80, 79]
23,[48, 78, 90, 89, 101, 100, 99, 88, 87, 86, 73, 84, 71, 83, 70, 81, 91, 103, 104, 105, 95, 96, 107, 118, 130, 142, 153, 163, 173, 174, 183, 176, 177, 185, 191, 184, 175, 166, 155, 143, 131, 132, 120, 109, 98, 87, 76, 77, 78, 49, 79, 67, 58, 59, 60, 51, 42, 34, 26, 18, 25, 33, 41, 50, 61, 62, 72, 85, 97, 108, 119, 120, 121, 133, 134, 135, 146, 157, 167, 156, 145, 144, 155, 154, 165, 164, 152, 140, 128, 116, 106, 94, 93, 92, 82, 69, 80, 68, 79]
24,[49, 78, 77, 66, 65, 64, 54, 53, 52, 43, 34, 33, 32, 41, 40, 49, 59, 69, 80, 81, 70, 83, 94, 105, 106, 116, 117, 107, 95, 83, 82, 93, 92, 103, 115, 127, 139, 140, 141, 142, 131, 121, 109, 97, 86, 75, 88, 89, 90, 78, 48, 79, 67, 68, 59, 60, 61, 62, 71, 72, 84, 95, 105, 104, 116, 128, 118, 129, 119, 108, 98, 87, 74, 63, 73, 85, 96, 108, 120, 130, 142, 143, 153, 154, 155, 166, 165, 164, 163, 152, 151, 162, 150, 138, 126, 114, 102, 91, 79]
25,[48, 78, 90, 77, 66, 55, 45, 37, 28, 27, 35, 34, 26, 18, 19, 25, 32, 33, 41, 49, 59, 68, 80, 69, 81, 82, 92, 103, 114, 115, 104, 116, 105, 117, 128, 140, 151, 162, 171, 172, 164, 154, 143, 132, 120, 109, 99, 89, 78, 49, 79, 67, 57, 58, 49, 50, 60, 70, 71, 72, 62, 63, 53, 52, 43, 36, 44, 54, 64, 73, 85, 86, 97, 96, 106, 118, 130, 131, 142, 152, 163, 173, 174, 175, 166, 155, 165, 153, 141, 129, 119, 107, 95, 94, 83, 93, 92, 91, 79]
26,[49, 78, 90, 101, 100, 111, 122, 133, 132, 131, 130, 141, 152, 163, 162, 151, 139, 128, 140, 129, 117, 116, 115, 104, 92, 81, 68, 67, 58, 49, 41, 33, 25, 18, 26, 19, 12, 20, 27, 28, 35, 34, 42, 52, 63, 74, 87, 99, 89, 78, 51, 79, 68, 59, 60, 61, 60, 59, 69, 59, 48, 49, 50, 51, 43, 36, 44, 53, 62, 72, 71, 70, 82, 83, 84, 85, 86, 98, 109, 120, 132, 143, 154, 165, 164, 153, 142, 130, 118, 107, 108, 97, 96, 106, 95, 105, 94, 93, 103, 91, 80, 79]
27,[48, 78, 77, 66, 76, 66, 55, 54, 53, 52, 42, 34, 33, 25, 26, 18, 12, 19, 27, 28, 37, 46, 54, 64, 74, 63, 72, 73, 85, 95, 105, 106, 117, 107, 119, 131, 143, 155, 144, 133, 132, 120, 109, 110, 98, 99, 88, 89, 78, 51, 79, 67, 68, 69, 70, 61, 51, 43, 35, 36, 44, 45, 55, 56, 65, 75, 87, 86, 97, 96, 108, 118, 129, 141, 140, 152, 153, 142, 154, 165, 164, 163, 162, 151, 139, 128, 117, 116, 115, 103, 104, 93, 94, 84, 83, 71, 82, 92, 81, 80, 79]
28,[48, 78, 77, 88, 87, 97, 86, 73, 72, 63, 62, 52, 43, 35, 27, 20, 12, 18, 19, 26, 34, 25, 33, 41, 50, 61, 71, 84, 85, 96, 108, 119, 129, 141, 151, 162, 172, 173, 163, 164, 154, 144, 132, 120, 109, 98, 99, 89, 78, 49, 79, 80, 81, 93, 105, 117, 118, 130, 131, 142, 143, 155, 167, 176, 184, 191, 185, 192, 199, 204, 200, 193, 186, 178, 177, 169, 168, 157, 156, 155, 166, 175, 182, 174, 165, 153, 152, 140, 128, 116, 106, 107, 95, 94, 104, 103, 92, 91, 79]
29,[49, 78, 90, 101, 100, 111, 110, 120, 132, 142, 152, 140, 151, 162, 163, 172, 173, 164, 174, 175, 167, 156, 157, 168, 177, 184, 176, 166, 165, 154, 153, 141, 130, 129, 128, 127, 116, 115, 114, 102, 103, 104, 94, 84, 96, 97, 87, 99, 89, 78, 51, 79, 67, 68, 59, 49, 40, 41, 33, 32, 25, 18, 19, 20, 21, 22, 23, 30, 29, 28, 35, 27, 26, 34, 42, 51, 61, 71, 72, 62, 73, 85, 86, 98, 109, 121, 133, 144, 143, 131, 119, 118, 108, 107, 117, 106, 95, 105, 93, 92, 91, 79]
0,[51, 78, 89, 76, 75, 74, 73, 63, 52, 42, 41, 40, 50, 60, 71, 83, 82, 92, 103, 114, 103, 104, 115, 127, 116, 106, 94, 95, 84, 72, 62, 53, 44, 43, 35, 34, 33, 25, 18, 19, 26, 27, 36, 45, 54, 64, 74, 86, 87, 88, 77, 78, 48, 79, 91, 92, 82, 69, 70, 61, 62, 73, 85, 96, 97, 98, 110, 121, 109, 119, 118, 128, 140, 141, 130, 131, 143, 155, 165, 154, 166, 175, 174, 173, 164, 163, 162, 151, 152, 153, 142, 132, 120, 108, 107, 117, 105, 93, 81, 80, 79]
1,[52, 78, 77, 76, 75, 65, 55, 54, 64, 63, 53, 52, 51, 61, 71, 70, 82, 83, 95, 106, 105, 117, 118, 130, 141, 152, 163, 153, 164, 173, 174, 175, 167, 176, 183, 184, 177, 168, 156, 145, 144, 155, 166, 165, 154, 142, 131, 120, 109, 98, 99, 89, 78, 48, 79, 68, 69, 60, 50, 41, 42, 35, 27, 36, 28, 21, 22, 14, 20, 19, 12, 18, 25, 26, 33, 34, 43, 52, 62, 72, 84, 96, 85, 97, 108, 107, 119, 129, 139, 138, 150, 162, 151, 140, 128, 116, 104, 94, 93, 92, 91, 79]
2,[48, 78, 77, 66, 65, 55, 46, 45, 53, 52, 53, 43, 42, 41, 33, 25, 32, 40, 50, 61, 51, 62, 63, 73, 72, 83, 93, 103, 114, 102, 91, 81, 80, 67, 57, 58, 49, 60, 71, 84, 94, 95, 96, 86, 75, 76, 88, 89, 78, 51, 79, 67, 57, 48, 40, 41, 34, 26, 27, 28, 29, 37, 36, 44, 45, 54, 64, 74, 87, 98, 109, 120, 131, 143, 155, 154, 153, 164, 165, 173, 172, 163, 152, 151, 141, 142, 130, 129, 118, 117, 107, 106, 105, 104, 92, 82, 70, 69, 59, 68, 79]
3,[51, 78, 90, 101, 100, 111, 110, 109, 98, 86, 85, 72, 61, 51, 50, 49, 59, 58, 57, 67, 79, 91, 92, 103, 104, 115, 116, 126, 127, 128, 139, 151, 152, 141, 153, 143, 154, 166, 155, 156, 145, 144, 132, 142, 130, 119, 108, 97, 87, 88, 77, 78, 51, 79, 68, 69, 60, 61, 62, 73, 63, 74, 75, 76, 89, 99, 110, 121, 133, 134, 135, 136, 147, 146, 157, 167, 168, 177, 176, 175, 174, 165, 173, 172, 164, 163, 162, 161, 150, 140, 129, 117, 105, 106, 95, 94, 93, 83, 71, 70, 82, 81, 80, 79]
4,[48, 78, 90, 101, 112, 123, 133, 145, 146, 147, 135, 134, 122, 121, 109, 98, 86, 73, 62, 72, 61, 50, 60, 59, 69, 82, 93, 104, 105, 116, 126, 138, 150, 162, 163, 152, 140, 128, 117, 107, 108, 96, 97, 87, 75, 76, 88, 89, 78, 49, 79, 67, 68, 67, 68, 80, 92, 103, 114, 115, 127, 139, 151, 141, 142, 154, 165, 164, 172, 173, 174, 182, 175, 176, 166, 167, 168, 157, 156, 155, 144, 132, 143, 153, 141, 130, 129, 118, 106, 94, 95, 85, 84, 83, 71, 70, 81, 91, 79]
5,[49, 78, 77, 76, 87, 86, 85, 72, 62, 52, 43, 35, 27, 20, 19, 12, 18, 26, 25, 33, 41, 50, 61, 71, 83, 94, 104, 115, 116, 128, 140, 152, 153, 164, 165, 154, 144, 156, 167, 168, 158, 157, 145, 133, 121, 109, 98, 99, 89, 78, 51, 79, 91, 102, 103, 114, 126, 127, 117, 107, 95, 96, 97, 108, 119, 130, 131, 141, 142, 143, 155, 166, 175, 183, 182, 181, 189, 197, 190, 191, 184, 192, 185, 177, 176, 175, 174, 173, 172, 163, 162, 151, 150, 139, 129, 118, 106, 105, 93, 92, 80, 79]
6,[51, 78, 89, 99, 110, 121, 122, 123, 135, 146, 157, 168, 177, 178, 179, 186, 185, 184, 176, 175, 167, 156, 145, 134, 133, 132, 131, 130, 129, 118, 107, 96, 106, 95, 84, 72, 61, 71, 83, 70, 59, 50, 51, 62, 63, 73, 85, 97, 98, 88, 77, 78, 48, 79, 68, 69, 60, 61, 52, 42, 41, 50, 60, 69, 81, 93, 103, 104, 116, 117, 128, 140, 152, 141, 142, 143, 144, 155, 166, 154, 153, 165, 174, 182, 181, 172, 164, 173, 163, 162, 151, 150, 139, 127, 115, 105, 94, 82, 92, 91, 79]
7,[48, 78, 90, 100, 111, 110, 121, 132, 143, 142, 131, 120, 109, 108, 118, 128, 116, 115, 114, 102, 91, 103, 92, 82, 81, 69, 60, 50, 41, 33, 26, 19, 18, 25, 34, 35, 44, 54, 65, 75, 64, 74, 87, 86, 97, 98, 99, 89, 78, 51, 79, 67, 58, 59, 60, 70, 61, 51, 52, 63, 53, 62, 71, 72, 73, 85, 84, 96, 107, 119, 130, 141, 153, 165, 174, 166, 175, 176, 167, 156, 145, 144, 155, 154, 164, 163, 152, 151, 140, 129, 118, 117, 106, 105, 95, 94, 93, 104, 92, 80, 79]
8,[51, 78, 77, 76, 75, 74, 73, 86, 96, 107, 97, 85, 73, 63, 62, 52, 43, 35, 34, 26, 19, 18, 25, 33, 41, 50, 60, 70, 61, 72, 83, 71, 84, 95, 94, 105, 116, 127, 128, 139, 140, 129, 119, 131, 142, 132, 120, 109, 98, 99, 89, 78, 51, 79, 67, 80, 81, 82, 93, 104, 105, 106, 117, 118, 130, 141, 153, 165, 166, 175, 174, 183, 176, 184, 185, 177, 167, 156, 157, 158, 159, 147, 146, 135, 134, 145, 155, 144, 143, 154, 164, 163, 152, 162, 151, 150, 149, 138, 126, 115, 103, 92, 91, 79]
9,[51, 78, 90, 100, 111, 110, 121, 132, 143, 144, 155, 166, 175, 176, 184, 185, 177, 186, 192, 198, 191, 190, 183, 182, 181, 173, 174, 165, 154, 142, 130, 141, 153, 163, 164, 172, 162, 151, 152, 140, 129, 117, 116, 105, 106, 107, 108, 109, 98, 99, 89, 78, 51, 79, 67, 58, 68, 69, 70, 83, 71, 61, 51, 52, 53, 64, 63, 54, 44, 43, 52, 42, 51, 62, 72, 84, 85, 86, 97, 96, 95, 94, 93, 92, 81, 82, 70, 60, 50, 40, 32, 25, 19, 27, 35, 34, 26, 33, 41, 49, 59, 69, 80, 79]
10,[49, 78, 90, 100, 111, 110, 99, 87, 86, 74, 63, 53, 43, 42, 33, 32, 40, 50, 60, 70, 83, 93, 105, 115, 114, 126, 127, 139, 151, 152, 163, 164, 173, 174, 175, 165, 155, 166, 154, 153, 142, 143, 131, 120, 109, 98, 87, 88, 89, 78, 49, 79, 68, 67, 58, 59, 49, 41, 34, 25, 18, 19, 26, 27, 35, 44, 52, 62, 51, 61, 72, 84, 95, 106, 107, 118, 129, 141, 140, 128, 117, 116, 104, 103, 92, 80, 69, 70, 71, 72, 73, 85, 97, 96, 95, 94, 82, 81, 91, 79]
11,[48, 78, 77, 66, 56, 46, 55, 65, 75, 74, 73, 72, 61, 71, 70, 81, 93, 105, 106, 118, 107, 97, 96, 108, 109, 119, 131, 143, 132, 133, 144, 156, 166, 176, 184, 185, 177, 169, 168, 167, 155, 145, 134, 122, 123, 111, 100, 89, 78, 49, 79, 67, 68, 81, 93, 103, 114, 126, 115, 103, 104, 116, 117, 129, 141, 142, 154, 153, 165, 174, 175, 183, 182, 181, 173, 164, 163, 162, 152, 140, 130, 120, 121, 110, 99, 88, 87, 98, 86, 85, 95, 84, 94, 83, 82, 92, 91, 80, 79]
12,[49, 78, 90, 101, 112, 123, 134, 145, 157, 146, 158, 169, 168, 177, 176, 184, 183, 182, 174, 164, 152, 151, 140, 128, 116, 105, 94, 104, 103, 93, 81, 70, 60, 51, 41, 33, 25, 18, 19, 26, 34, 27, 35, 43, 53, 64, 75, 88, 89, 78, 48, 79, 67, 80, 69, 59, 49, 50, 61, 71, 72, 85, 97, 108, 119, 131, 141, 153, 165, 175, 167, 156, 144, 155, 166, 174, 181, 173, 172, 162, 163, 153, 154, 143, 142, 130, 129, 118, 117, 106, 107, 95, 96, 84, 83, 82, 92, 91, 79]
13,[51, 78, 90, 101, 112, 123, 135, 146, 157, 156, 155, 144, 134, 145, 133, 132, 142, 141, 130, 118, 117, 128, 116, 115, 104, 105, 94, 82, 81, 69, 59, 49, 40, 33, 25, 18, 26, 19, 12, 13, 21, 28, 37, 45, 44, 53, 63, 74, 87, 88, 89, 78, 49, 79, 67, 68, 59, 60, 50, 42, 41, 34, 27, 20, 27, 35, 36, 43, 51, 61, 71, 72, 85, 97, 96, 108, 120, 131, 143, 154, 153, 165, 166, 167, 175, 174, 164, 163, 152, 140, 129, 119, 107, 106, 95, 84, 83, 93, 92, 91, 80, 79]
14,[48, 78, 77, 88, 87, 86, 74, 64, 63, 52, 43, 35, 27, 20, 19, 26, 18, 25, 33, 34, 42, 51, 61, 62, 73, 72, 71, 83, 95, 105, 117, 129, 141, 153, 164, 152, 140, 128, 116, 106, 118, 119, 107, 97, 98, 109, 99, 89, 78, 49, 79, 67, 57, 58, 48, 49, 59, 68, 80, 69, 70, 82, 92, 103, 104, 114, 126, 115, 127, 139, 151, 162, 171, 172, 163, 173, 165, 174, 181, 182, 183, 175, 167, 166, 155, 154, 143, 142, 131, 120, 108, 96, 85, 84, 94, 93, 81, 91, 79]
15,[49, 78, 77, 90, 101, 113, 125, 137, 148, 147, 158, 169, 168, 177, 176, 175, 174, 164, 153, 143, 142, 141, 130, 119, 131, 121, 120, 132, 133, 134, 145, 157, 167, 155, 166, 154, 165, 173, 172, 163, 152, 140, 129, 118, 107, 108, 109, 99, 89, 78, 49, 79, 67, 68, 69, 70, 83, 71, 72, 62, 73, 84, 85, 86, 98, 110, 111, 122, 133, 144, 156, 146, 135, 136, 125, 124, 123, 112, 100, 88, 75, 64, 63, 74, 87, 97, 96, 95, 105, 106, 94, 104, 93, 82, 81, 92, 103, 91, 80, 79]
16,[49, 78, 77, 88, 100, 111, 112, 113, 124, 123, 122, 132, 131, 141, 140, 129, 117, 116, 105, 94, 93, 82, 81, 69, 70, 59, 49, 40, 32, 25, 26, 33, 41, 50, 61, 71, 83, 95, 106, 107, 118, 130, 142, 143, 131, 119, 109, 99, 89, 78, 49, 79, 67, 68, 80, 67, 57, 58, 59, 60, 51, 52, 62, 72, 84, 85, 96, 108, 120, 121, 133, 134, 145, 144, 155, 156, 167, 175, 174, 183, 184, 177, 168, 176, 166, 154, 165, 164, 153, 163, 151, 139, 128, 127, 115, 104, 92, 103, 91, 79]
17,[49, 78, 90, 101, 100, 99, 110, 121, 133, 145, 157, 156, 166, 176, 184, 190, 183, 175, 182, 173, 174, 165, 164, 163, 152, 141, 130, 119, 108, 107, 106, 94, 93, 81, 92, 102, 92, 82, 70, 71, 84, 83, 95, 96, 85, 97, 87, 88, 89, 78, 51, 79, 68, 69, 60, 61, 51, 52, 53, 63, 62, 72, 73, 74, 86, 98, 109, 120, 131, 143, 144, 133, 134, 135, 146, 158, 169, 168, 167, 155, 154, 153, 142, 141, 140, 129, 118, 117, 105, 115, 127, 138, 150, 139, 128, 116, 104, 103, 91, 80, 67, 79]
18,[48, 78, 77, 76, 65, 64, 54, 44, 36, 37, 28, 21, 20, 12, 13, 14, 22, 15, 16, 24, 31, 39, 38, 45, 53, 62, 72, 84, 96, 108, 119, 131, 143, 153, 142, 130, 118, 107, 97, 98, 99, 109, 120, 132, 121, 110, 100, 89, 78, 51, 79, 80, 81, 68, 58, 59, 69, 81, 82, 70, 61, 52, 43, 35, 36, 28, 27, 26, 18, 25, 33, 41, 50, 60, 71, 83, 94, 105, 117, 129, 141, 151, 162, 172, 173, 174, 175, 166, 165, 164, 163, 152, 140, 139, 128, 116, 104, 93, 92, 91, 79]
19,[49, 78, 77, 66, 55, 65, 54, 53, 44, 35, 27, 20, 13, 14, 15, 16, 23, 22, 30, 29, 21, 28, 37, 36, 43, 42, 51, 61, 70, 82, 81, 80, 91, 103, 115, 114, 102, 103, 104, 94, 83, 95, 85, 97, 98, 86, 87, 88, 89, 78, 49, 79, 68, 69, 60, 71, 72, 62, 52, 63, 64, 75, 74, 73, 84, 96, 107, 118, 108, 120, 119, 130, 131, 142, 143, 154, 155, 156, 157, 167, 168, 176, 175, 166, 174, 165, 164, 163, 152, 153, 141, 129, 117, 116, 106, 105, 93, 92, 91, 79]
20,[46, 78, 77, 76, 88, 98, 108, 118, 107, 96, 106, 94, 82, 70, 81, 69, 58, 48, 49, 50, 42, 34, 26, 25, 33, 41, 51, 62, 71, 84, 94, 104, 115, 127, 116, 128, 140, 152, 164, 153, 143, 131, 120, 110, 100, 89, 78, 49, 79, 67, 68, 59, 60, 61, 52, 43, 35, 27, 19, 20, 21, 29, 28, 36, 44, 53, 63, 73, 86, 87, 99, 111, 122, 133, 134, 135, 146, 156, 145, 144, 155, 166, 165, 154, 142, 130, 141, 129, 117, 105, 95, 83, 93, 103, 92, 91, 79]
21,[49, 78, 77, 76, 75, 74, 63, 52, 42, 34, 33, 32, 41, 40, 50, 59, 70, 82, 69, 60, 61, 71, 72, 84, 85, 96, 97, 108, 118, 129, 140, 152, 163, 164, 173, 165, 174, 175, 166, 155, 145, 144, 143, 142, 131, 120, 110, 99, 89, 78, 48, 79, 67, 68, 80, 81, 82, 83, 95, 105, 117, 129, 130, 141, 153, 154, 155, 156, 157, 147, 159, 170, 178, 185, 176, 167, 177, 168, 169, 158, 146, 134, 122, 111, 100, 88, 87, 86, 98, 109, 119, 107, 106, 94, 93, 104, 92, 91, 79]
22,[48, 78, 77, 88, 100, 111, 122, 123, 134, 135, 146, 157, 156, 144, 143, 153, 141, 140, 150, 149, 139, 128, 116, 104, 114, 126, 138, 127, 115, 114, 102, 91, 103, 92, 81, 82, 93, 83, 94, 84, 96, 107, 108, 119, 120, 109, 99, 89, 78, 49, 79, 68, 59, 49, 40, 41, 42, 51, 61, 62, 63, 74, 64, 75, 87, 97, 98, 110, 121, 132, 133, 145, 155, 154, 166, 174, 165, 164, 163, 162, 151, 152, 142, 130, 118, 117, 105, 106, 95, 85, 86, 73, 72, 71, 70, 69, 80, 67, 79]
23,[49, 78, 77, 76, 65, 75, 86, 73, 74, 64, 53, 62, 61, 71, 82, 93, 104, 116, 128, 118, 108, 120, 131, 142, 153, 152, 163, 173, 164, 174, 175, 176, 166, 167, 156, 145, 144, 155, 165, 154, 143, 132, 121, 109, 97, 98, 87, 88, 89, 78, 49, 79, 91, 103, 115, 103, 93, 82, 71, 61, 51, 42, 34, 26, 19, 12, 13, 20, 28, 27, 35, 43, 52, 63, 72, 85, 84, 96, 107, 119, 130, 141, 151, 150, 139, 140, 129, 117, 106, 105, 95, 94, 83, 70, 60, 69, 81, 92, 80, 79]
24,[49, 78, 90, 100, 90, 101, 112, 123, 133, 134, 135, 146, 147, 146, 136, 135, 145, 144, 134, 122, 111, 110, 121, 133, 132, 143, 142, 130, 118, 107, 95, 94, 93, 92, 103, 104, 105, 117, 129, 119, 109, 99, 98, 87, 86, 74, 75, 88, 89, 78, 49, 79, 80, 81, 80, 92, 104, 116, 128, 127, 115, 116, 106, 96, 85, 73, 72, 62, 51, 61, 71, 60, 70, 82, 83, 84, 96, 97, 108, 120, 131, 141, 153, 154, 155, 166, 165, 173, 164, 163, 152, 151, 140, 139, 138, 126, 114, 102, 91, 79]
25,[49, 78, 90, 100, 110, 111, 122, 123, 135, 146, 157, 158, 168, 177, 176, 183, 175, 182, 173, 164, 163, 152, 151, 152, 141, 140, 129, 118, 107, 95, 83, 71, 61, 60, 69, 81, 92, 93, 82, 94, 84, 72, 85, 97, 108, 120, 109, 99, 89, 78, 49, 79, 80, 81, 82, 83, 84, 95, 96, 107, 118, 128, 139, 150, 162, 172, 181, 174, 165, 155, 167, 166, 156, 145, 135, 134, 133, 132, 144, 143, 153, 154, 142, 131, 130, 119, 118, 117, 105, 106, 116, 104, 103, 115, 114, 102, 91, 80, 68, 79]
26,[51, 78, 77, 66, 65, 55, 54, 53, 44, 36, 35, 26, 27, 20, 19, 25, 33, 34, 42, 41, 50, 60, 70, 82, 83, 93, 103, 115, 116, 127, 138, 149, 161, 151, 152, 163, 172, 171, 162, 150, 139, 128, 118, 106, 94, 95, 85, 86, 87, 88, 89, 78, 49, 79, 80, 81, 69, 68, 58, 48, 40, 48, 59, 49, 50, 51, 43, 52, 61, 62, 63, 73, 72, 71, 84, 96, 107, 119, 131, 142, 143, 155, 167, 156, 166, 175, 174, 165, 154, 164, 153, 142, 141, 140, 130, 129, 117, 105, 104, 92, 91, 79]
27,[48, 78, 77, 76, 75, 86, 85, 86, 85, 95, 106, 116, 115, 127, 139, 140, 151, 162, 150, 139, 128, 118, 107, 95, 94, 83, 70, 61, 51, 42, 33, 41, 50, 59, 60, 69, 80, 81, 82, 71, 84, 96, 108, 97, 109, 98, 88, 89, 78, 50, 79, 68, 80, 92, 93, 92, 93, 83, 72, 62, 63, 64, 73, 74, 75, 87, 99, 110, 121, 132, 143, 154, 165, 164, 163, 172, 173, 174, 175, 176, 184, 177, 168, 167, 155, 166, 165, 153, 152, 142, 141, 130, 119, 129, 117, 105, 104, 103, 91, 79]
28,[51, 78, 77, 90, 101, 112, 111, 121, 133, 144, 156, 167, 176, 183, 190, 191, 184, 185, 177, 167, 166, 165, 175, 174, 182, 181, 173, 172, 173, 164, 163, 152, 151, 162, 161, 150, 138, 139, 140, 129, 141, 142, 131, 130, 118, 108, 97, 98, 110, 100, 89, 78, 50, 79, 80, 67, 68, 81, 82, 70, 61, 51, 42, 34, 27, 35, 43, 52, 63, 64, 75, 74, 73, 85, 86, 87, 88, 99, 111, 122, 123, 134, 145, 157, 156, 155, 154, 153, 143, 132, 120, 119, 107, 106, 95, 105, 94, 83, 93, 104, 92, 91, 79]
29,[48, 78, 90, 100, 99, 110, 121, 120, 131, 130, 140, 139, 149, 161, 171, 162, 151, 140, 128, 116, 105, 104, 103, 115, 127, 138, 150, 151, 152, 164, 163, 173, 165, 155, 143, 142, 132, 131, 119, 108, 107, 96, 95, 85, 97, 87, 88, 89, 78, 51, 79, 80, 81, 69, 70, 60, 50, 41, 33, 34, 42, 51, 61, 71, 72, 73, 74, 86, 98, 109, 121, 122, 133, 144, 145, 134, 146, 158, 157, 156, 168, 177, 184, 175, 176, 167, 166, 154, 153, 141, 129, 118, 117, 106, 94, 93, 83, 82, 92, 91, 79]
0,[48, 78, 90, 101, 100, 111, 122, 121, 133, 144, 155, 166, 175, 167, 175, 176, 183, 182, 174, 166, 155, 143, 155, 165, 154, 142, 131, 132, 144, 156, 146, 135, 147, 158, 169, 178, 177, 168, 157, 145, 134, 122, 110, 98, 97, 109, 99, 89, 78, 52, 79, 67, 57, 68, 58, 49, 40, 41, 50, 60, 59, 69, 70, 71, 84, 83, 82, 93, 94, 105, 116, 117, 106, 107, 108, 119, 118, 129, 140, 150, 161, 162, 172, 173, 164, 153, 163, 152, 141, 151, 139, 127, 126, 114, 115, 104, 103, 92, 81, 91, 80, 79]
1,[49, 78, 77, 88, 75, 65, 64, 54, 63, 52, 51, 61, 71, 70, 69, 81, 82, 83, 94, 106, 116, 127, 139, 151, 162, 163, 173, 174, 175, 166, 176, 167, 156, 155, 165, 164, 154, 153, 142, 130, 119, 108, 97, 87, 74, 86, 98, 99, 89, 78, 48, 79, 68, 59, 50, 41, 33, 34, 35, 36, 27, 28, 21, 20, 14, 8, 3, 7, 13, 12, 19, 26, 34, 42, 43, 53, 62, 73, 72, 85, 96, 84, 95, 107, 118, 128, 138, 150, 140, 152, 141, 129, 117, 105, 104, 93, 92, 91, 79]
2,[51, 78, 90, 100, 111, 110, 120, 119, 130, 119, 130, 141, 152, 163, 153, 154, 165, 174, 183, 184, 192, 193, 200, 199, 191, 190, 189, 182, 181, 173, 164, 172, 171, 162, 151, 140, 129, 128, 139, 127, 115, 116, 106, 94, 83, 84, 85, 86, 87, 99, 89, 78, 49, 79, 67, 58, 68, 69, 81, 82, 94, 106, 117, 118, 119, 120, 131, 142, 143, 155, 166, 175, 176, 185, 177, 169, 158, 157, 167, 168, 156, 144, 145, 133, 122, 132, 121, 109, 98, 97, 107, 108, 96, 95, 105, 104, 92, 93, 103, 91, 80, 79]
3,[51, 78, 77, 76, 77, 66, 65, 64, 63, 72, 83, 82, 70, 71, 61, 62, 53, 54, 64, 63, 73, 85, 84, 95, 94, 106, 117, 129, 130, 141, 140, 151, 162, 172, 181, 189, 183, 175, 182, 174, 166, 167, 156, 155, 143, 132, 121, 110, 99, 88, 89, 78, 52, 79, 68, 69, 59, 60, 50, 41, 33, 25, 19, 20, 12, 19, 26, 34, 35, 43, 44, 45, 46, 55, 65, 74, 75, 87, 86, 97, 96, 108, 118, 128, 139, 140, 152, 163, 164, 165, 154, 153, 142, 131, 119, 107, 106, 105, 116, 115, 104, 93, 92, 91, 79]
4,[49, 78, 77, 66, 65, 55, 45, 37, 29, 22, 14, 21, 28, 27, 20, 13, 12, 19, 18, 26, 34, 35, 36, 44, 52, 62, 63, 72, 61, 71, 83, 95, 107, 97, 108, 118, 128, 117, 129, 141, 152, 142, 130, 119, 120, 109, 99, 88, 89, 78, 49, 79, 67, 68, 69, 59, 49, 40, 33, 25, 32, 41, 50, 42, 43, 53, 54, 64, 74, 85, 73, 84, 94, 82, 93, 105, 106, 96, 86, 98, 110, 121, 132, 143, 154, 165, 164, 153, 163, 162, 151, 139, 127, 116, 115, 104, 103, 92, 91, 79]
5,[48, 78, 90, 100, 111, 122, 123, 134, 145, 146, 157, 156, 144, 133, 121, 131, 120, 132, 143, 153, 142, 154, 166, 167, 155, 165, 164, 174, 173, 163, 152, 151, 140, 129, 128, 116, 117, 106, 94, 104, 93, 105, 95, 107, 97, 98, 88, 89, 78, 49, 79, 91, 102, 103, 102, 91, 81, 69, 60, 50, 41, 33, 26, 27, 28, 20, 13, 21, 14, 7, 12, 19, 18, 25, 33, 34, 42, 51, 61, 70, 71, 72, 85, 96, 108, 109, 110, 99, 87, 74, 75, 86, 73, 84, 83, 82, 92, 80, 79]
6,[48, 78, 90, 100, 111, 122, 123, 135, 134, 146, 158, 169, 168, 177, 176, 183, 175, 166, 154, 142, 153, 152, 141, 130, 118, 107, 106, 94, 82, 83, 72, 71, 70, 60, 69, 81, 93, 103, 115, 116, 128, 139, 140, 129, 119, 109, 99, 89, 78, 49, 79, 67, 68, 59, 49, 40, 41, 32, 33, 34, 42, 51, 61, 62, 73, 86, 85, 84, 94, 106, 117, 127, 126, 138, 150, 151, 163, 164, 165, 154, 143, 155, 167, 156, 157, 145, 144, 133, 132, 131, 120, 108, 96, 95, 105, 104, 92, 91, 79]
7,[48, 78, 90, 100, 111, 110, 121, 132, 144, 143, 131, 119, 118, 117, 105, 115, 114, 102, 114, 103, 91, 80, 67, 68, 81, 82, 71, 60, 61, 50, 41, 33, 25, 19, 12, 18, 26, 34, 42, 51, 62, 72, 73, 86, 97, 98, 99, 89, 78, 51, 79, 68, 69, 70, 82, 93, 105, 116, 128, 129, 130, 141, 142, 154, 155, 166, 175, 183, 184, 176, 167, 168, 156, 166, 174, 182, 181, 173, 165, 164, 153, 152, 162, 163, 151, 140, 128, 117, 106, 107, 96, 85, 84, 83, 95, 94, 93, 104, 92, 91, 79]
8,[51, 78, 77, 76, 75, 74, 64, 53, 44, 36, 35, 34, 42, 34, 41, 32, 40, 33, 25, 18, 19, 26, 20, 27, 35, 43, 52, 51, 62, 63, 73, 84, 95, 94, 83, 71, 60, 50, 61, 72, 85, 86, 97, 96, 108, 109, 98, 87, 99, 88, 89, 78, 49, 79, 91, 102, 91, 103, 114, 115, 126, 127, 138, 139, 128, 118, 107, 95, 83, 82, 70, 82, 69, 59, 68, 81, 93, 105, 106, 107, 119, 130, 142, 153, 143, 154, 166, 165, 164, 163, 162, 151, 152, 141, 129, 117, 116, 115, 104, 92, 80, 79]
9,[52, 78, 90, 101, 100, 111, 122, 134, 133, 144, 145, 156, 155, 167, 168, 177, 178, 185, 186, 193, 200, 199, 192, 191, 190, 189, 182, 181, 173, 164, 153, 152, 151, 140, 129, 139, 138, 127, 116, 105, 106, 107, 97, 85, 73, 86, 74, 64, 75, 87, 99, 89, 78, 51, 79, 91, 102, 103, 115, 104, 116, 117, 128, 117, 128, 139, 150, 161, 162, 172, 163, 173, 174, 175, 183, 184, 176, 166, 165, 154, 143, 131, 120, 109, 119, 118, 130, 141, 142, 132, 121, 110, 98, 108, 96, 95, 94, 84, 83, 82, 93, 92, 81, 80, 79]
10,[49, 78, 89, 90, 101, 111, 122, 133, 144, 155, 143, 132, 121, 110, 100, 89, 76, 75, 74, 64, 63, 62, 71, 70, 69, 60, 50, 61, 72, 73, 85, 95, 105, 116, 104, 115, 114, 103, 92, 82, 83, 84, 96, 108, 109, 98, 99, 88, 77, 78, 48, 79, 68, 59, 49, 40, 32, 33, 25, 26, 34, 35, 43, 53, 54, 65, 66, 76, 87, 86, 97, 107, 119, 131, 130, 142, 141, 153, 154, 165, 166, 174, 164, 173, 163, 162, 151, 152, 140, 128, 117, 129, 118, 106, 94, 93, 81, 91, 79]
11,[48, 78, 77, 76, 66, 75, 86, 85, 95, 105, 115, 114, 102, 103, 92, 82, 70, 71, 72, 85, 96, 97, 98, 87, 74, 65, 54, 64, 63, 53, 52, 62, 71, 83, 94, 106, 118, 130, 142, 143, 144, 132, 131, 119, 108, 109, 99, 89, 78, 48, 79, 80, 68, 80, 67, 58, 57, 67, 68, 69, 60, 59, 49, 50, 61, 72, 73, 84, 95, 107, 117, 129, 139, 150, 151, 163, 162, 172, 173, 165, 174, 175, 167, 166, 155, 154, 164, 153, 152, 141, 140, 128, 116, 104, 93, 81, 91, 79]
12,[51, 78, 90, 101, 112, 123, 134, 145, 157, 168, 167, 168, 169, 178, 186, 185, 177, 185, 184, 190, 182, 174, 165, 153, 152, 151, 140, 128, 127, 116, 105, 104, 92, 91, 103, 93, 94, 82, 69, 60, 50, 41, 42, 43, 53, 63, 64, 75, 87, 88, 89, 78, 48, 79, 68, 59, 49, 40, 33, 42, 51, 61, 72, 73, 85, 95, 106, 107, 118, 117, 129, 141, 131, 132, 144, 156, 155, 166, 176, 183, 175, 165, 173, 181, 172, 163, 164, 154, 143, 142, 130, 119, 108, 97, 96, 84, 83, 70, 81, 80, 79]
13,[52, 78, 90, 101, 112, 123, 134, 145, 156, 155, 144, 133, 143, 153, 142, 131, 141, 130, 129, 118, 107, 96, 95, 84, 83, 94, 82, 70, 69, 68, 59, 49, 40, 32, 33, 25, 18, 26, 27, 20, 21, 28, 35, 34, 42, 51, 62, 73, 74, 87, 88, 89, 78, 51, 79, 67, 58, 59, 60, 50, 41, 33, 25, 19, 12, 13, 14, 22, 29, 36, 44, 53, 64, 65, 75, 86, 98, 109, 97, 108, 120, 121, 132, 143, 154, 165, 166, 167, 175, 174, 173, 164, 163, 152, 140, 128, 117, 106, 105, 93, 104, 92, 81, 80, 79]
14,[52, 78, 90, 101, 111, 122, 133, 132, 143, 142, 131, 120, 110, 99, 88, 87, 76, 75, 74, 73, 63, 52, 51, 42, 34, 26, 19, 12, 13, 20, 27, 35, 36, 44, 43, 53, 62, 72, 84, 95, 96, 86, 85, 97, 108, 107, 118, 119, 109, 98, 99, 89, 78, 48, 79, 67, 58, 68, 59, 69, 70, 83, 93, 104, 115, 116, 127, 139, 151, 150, 140, 152, 162, 172, 163, 173, 174, 183, 184, 190, 197, 189, 182, 175, 167, 166, 165, 164, 154, 153, 141, 129, 128, 117, 106, 105, 94, 82, 92, 81, 80, 79]
15,[49, 78, 90, 77, 88, 87, 86, 73, 62, 61, 51, 42, 41, 33, 32, 25, 18, 19, 27, 20, 26, 34, 35, 36, 37, 45, 44, 53, 63, 72, 83, 84, 95, 94, 106, 105, 117, 129, 141, 142, 130, 119, 118, 107, 96, 108, 109, 99, 89, 78, 48, 79, 80, 91, 102, 114, 126, 127, 138, 149, 139, 150, 151, 162, 171, 163, 153, 154, 166, 167, 157, 146, 147, 158, 169, 177, 168, 156, 144, 155, 165, 175, 174, 182, 181, 173, 172, 164, 152, 140, 128, 116, 115, 103, 104, 93, 92, 91, 79]
16,[51, 78, 90, 89, 100, 110, 121, 132, 144, 155, 156, 157, 168, 176, 185, 192, 193, 200, 199, 198, 197, 190, 183, 174, 182, 181, 173, 164, 153, 152, 142, 141, 129, 128, 140, 130, 120, 108, 97, 96, 84, 72, 73, 85, 86, 74, 87, 98, 99, 88, 77, 78, 49, 79, 67, 68, 69, 70, 71, 84, 95, 106, 117, 127, 139, 151, 162, 163, 172, 181, 189, 190, 191, 184, 185, 186, 178, 177, 167, 175, 165, 166, 154, 143, 131, 119, 118, 107, 106, 95, 105, 116, 104, 94, 83, 93, 82, 81, 92, 103, 91, 79]
17,[51, 78, 90, 101, 112, 123, 134, 145, 157, 158, 170, 180, 188, 195, 201, 193, 194, 187, 178, 186, 178, 169, 168, 177, 185, 184, 176, 167, 166, 155, 143, 153, 142, 131, 130, 118, 107, 96, 95, 84, 73, 62, 51, 61, 71, 72, 85, 86, 87, 76, 77, 78, 48, 79, 68, 69, 70, 60, 50, 41, 34, 35, 43, 53, 54, 55, 65, 64, 74, 75, 88, 98, 109, 121, 133, 144, 154, 165, 175, 183, 189, 181, 173, 182, 174, 164, 163, 152, 141, 129, 117, 106, 94, 105, 104, 93, 83, 82, 92, 91, 79]
18,[49, 78, 90, 89, 88, 87, 75, 87, 86, 74, 63, 62, 61, 70, 69, 68, 69, 81, 82, 83, 84, 94, 105, 117, 128, 139, 129, 141, 131, 132, 144, 156, 155, 166, 167, 175, 165, 154, 143, 142, 130, 118, 106, 96, 97, 108, 109, 99, 89, 78, 51, 79, 67, 58, 59, 49, 48, 40, 32, 33, 41, 50, 60, 51, 61, 71, 72, 73, 85, 95, 107, 119, 129, 140, 150, 161, 162, 163, 172, 173, 181, 189, 183, 182, 174, 164, 153, 152, 151, 150, 138, 127, 116, 115, 103, 114, 104, 93, 92, 91, 80, 79]
19,[49, 78, 90, 77, 76, 66, 55, 45, 36, 27, 35, 34, 26, 19, 20, 28, 21, 14, 15, 22, 23, 30, 29, 37, 44, 43, 42, 50, 60, 70, 81, 82, 92, 103, 115, 116, 104, 105, 93, 83, 84, 94, 106, 95, 85, 86, 87, 88, 89, 78, 51, 79, 68, 69, 60, 61, 71, 72, 63, 64, 75, 65, 74, 73, 84, 96, 108, 107, 118, 119, 130, 141, 142, 143, 154, 155, 145, 146, 147, 158, 157, 156, 167, 166, 165, 174, 173, 164, 163, 153, 152, 151, 140, 129, 117, 127, 126, 114, 102, 91, 80, 79]
20,[49, 78, 89, 88, 99, 109, 108, 118, 117, 105, 104, 105, 117, 106, 107, 97, 87, 98, 87, 75, 65, 64, 63, 53, 44, 43, 52, 62, 72, 85, 95, 94, 82, 81, 69, 58, 49, 40, 41, 51, 60, 70, 83, 84, 73, 74, 65, 76, 77, 78, 46, 79, 68, 59, 50, 61, 71, 84, 96, 108, 109, 120, 130, 119, 131, 132, 144, 154, 166, 155, 145, 134, 122, 110, 111, 121, 133, 143, 142, 153, 165, 164, 163, 152, 162, 151, 141, 140, 129, 128, 116, 115, 103, 93, 92, 91, 79]
21,[49, 78, 90, 101, 90, 100, 111, 110, 122, 133, 121, 120, 131, 120, 109, 108, 118, 128, 139, 138, 127, 116, 105, 95, 107, 96, 84, 83, 71, 82, 70, 60, 50, 41, 32, 25, 26, 33, 42, 51, 61, 72, 63, 73, 85, 97, 98, 99, 89, 78, 51, 79, 80, 91, 102, 103, 115, 127, 128, 118, 119, 130, 141, 153, 165, 174, 175, 183, 184, 185, 177, 176, 168, 157, 146, 147, 158, 169, 168, 156, 167, 166, 155, 144, 132, 143, 142, 154, 164, 163, 152, 151, 140, 129, 117, 106, 94, 104, 93, 92, 91, 79]
22,[51, 78, 77, 88, 87, 86, 85, 73, 72, 61, 51, 42, 35, 34, 26, 18, 25, 33, 40, 41, 50, 60, 70, 71, 82, 83, 84, 95, 96, 107, 119, 130, 141, 152, 140, 151, 162, 172, 181, 173, 164, 153, 143, 132, 131, 120, 108, 97, 98, 99, 89, 78, 51, 79, 80, 81, 93, 105, 117, 129, 118, 117, 128, 139, 129, 141, 142, 154, 155, 166, 167, 156, 157, 168, 177, 185, 176, 184, 191, 190, 189, 183, 175, 183, 182, 174, 165, 164, 163, 171, 161, 150, 138, 127, 116, 105, 106, 94, 93, 104, 103, 92, 91, 79]
23,[51, 78, 90, 101, 90, 78, 77, 76, 66, 65, 74, 85, 95, 105, 104, 105, 104, 92, 93, 94, 106, 118, 108, 119, 130, 142, 153, 152, 163, 164, 165, 174, 182, 183, 175, 184, 176, 167, 166, 154, 155, 144, 143, 131, 120, 109, 110, 98, 99, 88, 89, 78, 51, 79, 67, 68, 69, 70, 81, 82, 83, 71, 61, 51, 42, 34, 35, 27, 26, 19, 20, 21, 28, 36, 43, 52, 62, 72, 85, 97, 86, 87, 75, 74, 63, 64, 73, 84, 96, 107, 117, 129, 140, 141, 151, 139, 128, 116, 115, 114, 103, 102, 91, 79]
24,[49, 78, 77, 76, 65, 64, 63, 53, 44, 35, 26, 19, 20, 13, 7, 14, 15, 16, 23, 22, 21, 28, 27, 34, 42, 52, 62, 73, 86, 98, 109, 119, 130, 142, 154, 165, 174, 175, 166, 176, 177, 167, 155, 143, 133, 122, 111, 100, 89, 78, 51, 79, 68, 80, 81, 70, 71, 72, 84, 94, 105, 104, 116, 117, 129, 140, 151, 162, 163, 152, 153, 164, 173, 181, 182, 183, 190, 184, 185, 186, 178, 169, 168, 157, 145, 156, 144, 132, 120, 109, 108, 107, 106, 96, 85, 95, 83, 82, 93, 92, 91, 79]
25,[49, 78, 77, 88, 87, 74, 73, 84, 71, 62, 52, 43, 51, 50, 42, 33, 25, 18, 26, 20, 21, 22, 23, 30, 29, 28, 27, 34, 41, 40, 49, 60, 70, 81, 92, 93, 103, 104, 105, 116, 117, 118, 130, 131, 121, 110, 111, 100, 89, 78, 49, 79, 67, 68, 59, 60, 61, 72, 85, 86, 98, 110, 122, 133, 145, 144, 154, 142, 153, 152, 151, 162, 163, 164, 173, 174, 165, 166, 167, 168, 156, 155, 143, 132, 120, 109, 99, 98, 108, 97, 96, 107, 95, 106, 94, 83, 82, 69, 80, 79]
26,[49, 78, 77, 76, 75, 65, 54, 45, 36, 44, 43, 42, 34, 25, 32, 33, 40, 50, 60, 70, 82, 92, 104, 103, 115, 116, 127, 138, 150, 139, 151, 141, 142, 154, 165, 164, 163, 153, 152, 140, 129, 118, 130, 131, 132, 121, 110, 99, 89, 78, 48, 79, 80, 68, 58, 69, 59, 49, 41, 34, 26, 19, 20, 28, 29, 22, 15, 8, 14, 21, 27, 35, 43, 52, 62, 63, 74, 73, 84, 94, 105, 106, 117, 107, 119, 120, 108, 98, 97, 96, 95, 85, 72, 71, 83, 93, 81, 91, 79]
27,[49, 78, 77, 76, 66, 65, 75, 64, 54, 53, 45, 44, 43, 52, 63, 62, 61, 51, 41, 33, 32, 40, 50, 60, 70, 83, 84, 96, 95, 107, 119, 129, 139, 140, 151, 162, 172, 171, 163, 152, 141, 131, 120, 108, 97, 109, 98, 88, 89, 78, 51, 79, 67, 68, 81, 82, 71, 72, 85, 73, 74, 86, 87, 99, 110, 121, 132, 133, 144, 143, 154, 155, 166, 167, 168, 177, 178, 185, 176, 184, 190, 189, 183, 175, 182, 174, 173, 164, 165, 153, 142, 130, 118, 128, 117, 106, 105, 94, 93, 92, 91, 79]
28,[51, 78, 77, 76, 66, 56, 47, 39, 38, 46, 56, 66, 76, 88, 99, 98, 88, 76, 65, 64, 63, 62, 61, 70, 82, 92, 81, 80, 68, 59, 69, 60, 71, 83, 94, 84, 95, 107, 108, 120, 130, 141, 142, 132, 144, 133, 122, 111, 100, 89, 90, 78, 48, 79, 67, 58, 49, 40, 41, 42, 33, 34, 35, 43, 44, 54, 55, 66, 76, 87, 86, 75, 74, 73, 72, 85, 96, 106, 117, 129, 140, 152, 153, 165, 173, 172, 163, 164, 154, 143, 131, 119, 118, 128, 116, 105, 104, 93, 103, 91, 79]
29,[49, 78, 90, 101, 100, 112, 124, 125, 135, 145, 146, 157, 168, 177, 185, 191, 183, 182, 174, 175, 184, 176, 166, 167, 156, 144, 154, 155, 165, 164, 153, 163, 152, 141, 151, 140, 129, 128, 117, 116, 115, 104, 105, 95, 96, 97, 87, 99, 89, 78, 50, 79, 68, 69, 68, 58, 49, 40, 32, 25, 18, 19, 13, 14, 15, 16, 23, 22, 21, 20, 27, 35, 34, 26, 33, 41, 50, 61, 72, 85, 86, 98, 109, 110, 121, 133, 134, 123, 122, 132, 143, 142, 130, 118, 107, 106, 94, 93, 92, 91, 79]
0,[49, 78, 77, 76, 75, 87, 74, 63, 62, 52, 43, 42, 51, 60, 70, 69, 58, 59, 49, 50, 61, 72, 73, 85, 96, 97, 109, 120, 132, 144, 143, 153, 152, 164, 163, 173, 172, 162, 161, 151, 139, 128, 117, 107, 108, 98, 99, 88, 89, 78, 49, 79, 68, 80, 81, 82, 71, 84, 95, 105, 116, 127, 138, 150, 140, 141, 142, 153, 165, 174, 182, 175, 183, 184, 176, 177, 185, 178, 169, 168, 167, 166, 155, 154, 142, 131, 130, 119, 129, 118, 106, 95, 83, 94, 104, 93, 103, 92, 91, 79]
1,[51, 78, 77, 66, 56, 46, 55, 65, 64, 54, 53, 62, 51, 61, 60, 70, 82, 83, 71, 72, 84, 96, 95, 105, 116, 117, 128, 139, 140, 151, 163, 172, 164, 173, 174, 166, 165, 155, 154, 153, 142, 143, 131, 120, 109, 98, 86, 74, 87, 88, 89, 78, 51, 79, 68, 59, 50, 41, 33, 34, 35, 27, 28, 22, 15, 16, 9, 8, 14, 21, 20, 13, 12, 19, 26, 34, 42, 43, 52, 63, 73, 85, 97, 107, 108, 119, 129, 128, 127, 138, 150, 161, 162, 152, 141, 130, 118, 106, 94, 93, 92, 81, 80, 79]
2,[49, 78, 90, 101, 100, 111, 122, 121, 132, 143, 155, 166, 175, 182, 189, 190, 198, 199, 193, 192, 191, 184, 183, 174, 181, 173, 164, 172, 162, 163, 151, 161, 150, 139, 128, 127, 115, 126, 116, 117, 106, 94, 84, 73, 85, 97, 98, 99, 89, 78, 51, 79, 68, 69, 60, 70, 71, 72, 83, 84, 96, 107, 119, 120, 109, 110, 121, 133, 144, 145, 156, 157, 168, 169, 178, 186, 185, 177, 176, 167, 166, 165, 154, 142, 153, 152, 141, 140, 130, 129, 118, 108, 96, 95, 105, 104, 92, 82, 93, 81, 80, 79]
3,[51, 78, 77, 76, 65, 75, 87, 86, 87, 75, 74, 63, 72, 62, 72, 62, 72, 84, 95, 106, 116, 104, 92, 81, 82, 70, 69, 80, 91, 102, 103, 115, 114, 126, 127, 117, 128, 140, 151, 152, 163, 164, 165, 166, 154, 143, 132, 121, 110, 99, 89, 78, 52, 79, 80, 81, 69, 59, 50, 41, 34, 26, 19, 12, 20, 21, 22, 30, 29, 28, 36, 44, 45, 54, 53, 64, 73, 85, 96, 97, 108, 109, 120, 119, 130, 141, 153, 142, 130, 129, 118, 107, 106, 105, 94, 93, 83, 71, 61, 60, 59, 49, 58, 68, 79]
4,[49, 78, 77, 66, 56, 47, 46, 38, 29, 22, 15, 8, 13, 14, 21, 20, 19, 18, 25, 33, 32, 41, 50, 51, 61, 62, 73, 74, 87, 97, 107, 96, 106, 118, 129, 117, 128, 140, 150, 162, 152, 141, 142, 132, 121, 110, 99, 88, 89, 78, 51, 79, 80, 81, 70, 60, 51, 52, 43, 34, 35, 28, 36, 44, 53, 64, 63, 72, 84, 83, 82, 93, 94, 95, 85, 86, 98, 109, 108, 119, 130, 131, 132, 143, 154, 165, 164, 153, 163, 151, 150, 139, 138, 127, 116, 115, 105, 104, 92, 103, 91, 79]
5,[48, 78, 90, 101, 100, 111, 112, 123, 133, 122, 134, 135, 146, 158, 169, 168, 156, 167, 157, 145, 144, 154, 155, 166, 165, 164, 153, 163, 172, 162, 150, 151, 152, 140, 128, 116, 117, 106, 94, 104, 93, 105, 95, 85, 97, 98, 88, 89, 78, 49, 79, 67, 79, 91, 103, 91, 81, 70, 60, 50, 41, 33, 26, 25, 19, 18, 12, 13, 21, 20, 27, 28, 36, 35, 34, 42, 51, 61, 62, 73, 84, 96, 107, 108, 109, 110, 99, 87, 86, 75, 74, 63, 72, 71, 83, 82, 92, 80, 79]
6,[49, 78, 90, 101, 100, 112, 123, 135, 146, 157, 167, 168, 158, 147, 136, 124, 112, 111, 110, 98, 87, 86, 85, 73, 63, 62, 72, 84, 71, 83, 93, 105, 104, 116, 117, 128, 140, 151, 152, 141, 153, 142, 130, 118, 107, 108, 98, 88, 77, 78, 48, 79, 67, 68, 69, 70, 81, 91, 103, 114, 126, 138, 150, 162, 163, 173, 164, 154, 143, 155, 144, 154, 164, 165, 174, 175, 183, 184, 185, 177, 176, 166, 156, 157, 145, 133, 132, 120, 109, 97, 96, 106, 95, 94, 82, 81, 92, 80, 79]
7,[51, 78, 77, 76, 87, 98, 88, 75, 74, 73, 63, 64, 54, 46, 38, 30, 22, 15, 14, 13, 21, 20, 19, 18, 26, 25, 33, 32, 41, 50, 60, 70, 71, 83, 82, 93, 94, 95, 96, 107, 119, 120, 132, 143, 154, 142, 131, 121, 110, 99, 89, 78, 49, 79, 80, 81, 69, 70, 61, 51, 52, 44, 45, 38, 31, 24, 17, 23, 29, 37, 36, 28, 27, 35, 43, 53, 62, 72, 85, 86, 97, 108, 118, 130, 141, 153, 165, 164, 152, 163, 151, 140, 139, 128, 116, 117, 106, 105, 104, 92, 91, 79]
8,[51, 78, 90, 101, 90, 89, 76, 75, 74, 73, 62, 52, 42, 43, 35, 28, 27, 20, 19, 26, 34, 35, 44, 36, 43, 51, 61, 71, 84, 83, 93, 105, 104, 116, 117, 118, 129, 140, 151, 152, 163, 164, 153, 142, 141, 130, 119, 109, 98, 88, 77, 78, 49, 79, 67, 68, 58, 59, 70, 60, 61, 72, 85, 86, 87, 99, 100, 111, 110, 121, 132, 122, 133, 144, 156, 155, 145, 157, 167, 168, 169, 177, 176, 166, 165, 154, 143, 131, 120, 108, 97, 107, 96, 95, 106, 94, 82, 69, 81, 92, 91, 79]
9,[49, 78, 90, 77, 88, 100, 110, 121, 122, 133, 132, 143, 144, 155, 166, 155, 154, 164, 163, 164, 174, 165, 175, 167, 168, 176, 177, 184, 183, 189, 182, 181, 173, 172, 171, 162, 150, 149, 138, 126, 116, 105, 106, 118, 108, 97, 98, 99, 89, 78, 49, 79, 67, 57, 67, 79, 80, 81, 70, 83, 94, 95, 96, 107, 119, 130, 142, 153, 152, 141, 151, 140, 128, 139, 129, 117, 127, 115, 104, 103, 92, 93, 82, 71, 61, 51, 41, 33, 34, 26, 20, 19, 18, 25, 32, 40, 50, 59, 68, 79]
10,[49, 78, 90, 100, 111, 112, 123, 135, 147, 146, 157, 167, 156, 144, 133, 143, 142, 130, 119, 108, 97, 85, 72, 71, 83, 70, 60, 49, 40, 32, 33, 25, 18, 26, 19, 27, 35, 43, 52, 61, 72, 84, 95, 96, 86, 98, 99, 88, 89, 78, 51, 79, 68, 59, 50, 51, 62, 73, 63, 53, 44, 37, 38, 46, 45, 55, 54, 64, 74, 75, 87, 98, 109, 120, 131, 132, 122, 134, 145, 156, 155, 154, 165, 175, 166, 174, 164, 163, 153, 152, 151, 140, 129, 118, 107, 106, 105, 94, 93, 92, 91, 79]
11,[51, 78, 90, 77, 76, 88, 75, 86, 85, 86, 85, 84, 71, 61, 60, 70, 69, 81, 82, 94, 105, 106, 95, 96, 97, 98, 110, 109, 119, 131, 132, 143, 144, 145, 155, 166, 175, 183, 184, 176, 167, 168, 156, 146, 134, 133, 122, 112, 101, 100, 89, 78, 48, 79, 80, 91, 103, 115, 104, 103, 91, 102, 114, 126, 116, 117, 129, 130, 141, 142, 154, 165, 174, 182, 190, 189, 181, 173, 164, 163, 153, 152, 140, 128, 118, 107, 108, 120, 121, 111, 99, 87, 74, 73, 72, 83, 94, 93, 92, 80, 79]
12,[51, 78, 90, 101, 112, 123, 134, 133, 145, 156, 168, 169, 178, 177, 176, 184, 183, 182, 181, 173, 172, 171, 161, 150, 139, 128, 117, 116, 105, 94, 104, 92, 93, 81, 70, 60, 50, 41, 33, 25, 19, 18, 26, 34, 42, 52, 63, 74, 87, 88, 89, 78, 49, 79, 68, 67, 57, 58, 59, 60, 61, 71, 72, 85, 96, 108, 120, 132, 144, 155, 167, 175, 182, 189, 183, 174, 166, 165, 164, 163, 152, 162, 151, 140, 141, 153, 143, 154, 142, 131, 130, 129, 118, 107, 106, 95, 84, 83, 82, 69, 80, 79]
13,[48, 78, 90, 101, 112, 111, 110, 121, 133, 145, 156, 144, 143, 142, 141, 152, 140, 129, 118, 106, 95, 83, 71, 62, 72, 61, 70, 59, 68, 58, 49, 40, 32, 33, 25, 18, 26, 20, 28, 35, 44, 43, 52, 63, 64, 75, 88, 89, 78, 48, 79, 80, 81, 69, 60, 51, 42, 34, 35, 27, 19, 12, 13, 21, 29, 36, 37, 45, 54, 65, 74, 86, 85, 97, 108, 119, 131, 132, 143, 155, 154, 164, 165, 153, 163, 151, 139, 128, 117, 107, 96, 84, 94, 105, 93, 92, 91, 79]
14,[49, 78, 90, 100, 111, 121, 133, 122, 121, 120, 109, 108, 97, 85, 73, 72, 71, 60, 61, 51, 62, 72, 84, 95, 105, 115, 116, 115, 103, 91, 80, 81, 92, 103, 114, 103, 102, 91, 92, 104, 93, 83, 95, 107, 96, 86, 98, 99, 89, 78, 49, 79, 67, 58, 57, 67, 80, 91, 103, 115, 127, 128, 138, 139, 140, 151, 162, 152, 163, 172, 173, 182, 175, 167, 176, 185, 192, 199, 198, 191, 184, 183, 174, 166, 165, 164, 153, 154, 142, 141, 129, 118, 117, 106, 94, 82, 70, 69, 68, 79]
15,[49, 78, 77, 88, 75, 65, 55, 54, 64, 74, 73, 62, 61, 70, 82, 92, 104, 92, 82, 71, 61, 51, 42, 34, 26, 25, 33, 41, 50, 60, 69, 81, 93, 83, 94, 95, 105, 106, 107, 118, 130, 131, 119, 108, 97, 86, 98, 99, 89, 78, 49, 79, 68, 59, 60, 70, 61, 62, 72, 85, 84, 96, 107, 117, 129, 141, 140, 152, 153, 154, 142, 143, 132, 144, 145, 155, 156, 168, 167, 166, 165, 175, 174, 181, 173, 172, 164, 163, 162, 151, 139, 128, 116, 115, 114, 103, 102, 91, 80, 79]
16,[49, 78, 77, 90, 101, 100, 111, 122, 133, 144, 156, 157, 158, 170, 169, 179, 178, 186, 192, 198, 191, 184, 185, 177, 167, 168, 176, 175, 174, 166, 165, 164, 154, 142, 153, 152, 151, 163, 162, 150, 140, 128, 117, 106, 107, 97, 98, 88, 89, 78, 51, 79, 68, 80, 81, 70, 60, 59, 50, 41, 33, 25, 18, 26, 27, 36, 37, 29, 22, 15, 14, 21, 28, 35, 34, 42, 51, 61, 71, 72, 84, 85, 97, 108, 118, 130, 129, 119, 120, 109, 99, 87, 86, 96, 95, 94, 83, 82, 93, 92, 91, 79]
17,[48, 78, 77, 90, 101, 100, 111, 112, 124, 125, 136, 146, 135, 123, 122, 121, 133, 123, 134, 144, 145, 156, 167, 177, 184, 190, 183, 176, 175, 174, 164, 163, 171, 161, 150, 149, 139, 127, 116, 105, 94, 83, 95, 85, 86, 87, 99, 89, 78, 48, 79, 68, 69, 70, 71, 84, 96, 97, 98, 110, 121, 132, 142, 152, 162, 151, 140, 130, 120, 109, 97, 96, 108, 119, 131, 142, 154, 143, 155, 166, 165, 153, 141, 130, 118, 107, 106, 117, 129, 128, 138, 126, 115, 104, 93, 92, 91, 79]
18,[49, 78, 90, 101, 90, 101, 112, 124, 123, 122, 111, 99, 87, 86, 98, 97, 96, 85, 72, 71, 72, 61, 62, 51, 42, 35, 43, 53, 63, 74, 73, 85, 84, 94, 93, 105, 106, 117, 129, 141, 142, 130, 119, 120, 131, 121, 110, 100, 89, 78, 52, 79, 68, 69, 59, 50, 51, 52, 43, 44, 36, 28, 29, 22, 21, 20, 19, 18, 25, 26, 34, 41, 50, 60, 70, 82, 83, 95, 107, 118, 128, 140, 151, 152, 153, 143, 154, 165, 164, 173, 163, 162, 161, 150, 139, 127, 116, 104, 103, 92, 81, 80, 79]
19,[46, 78, 77, 76, 75, 74, 63, 62, 51, 41, 40, 33, 34, 43, 51, 60, 61, 72, 83, 82, 92, 104, 116, 126, 127, 128, 129, 119, 107, 117, 105, 115, 114, 103, 91, 81, 68, 69, 70, 71, 84, 96, 97, 98, 88, 89, 78, 50, 79, 68, 67, 57, 58, 59, 49, 50, 51, 52, 53, 64, 73, 85, 86, 87, 99, 110, 121, 132, 143, 133, 144, 156, 167, 157, 146, 145, 155, 154, 166, 174, 165, 153, 164, 163, 151, 152, 141, 142, 141, 130, 118, 106, 95, 94, 93, 92, 80, 79]
20,[48, 78, 77, 76, 75, 74, 64, 54, 53, 43, 44, 52, 63, 62, 73, 86, 85, 84, 96, 107, 118, 129, 141, 152, 163, 164, 154, 166, 167, 168, 158, 170, 178, 169, 157, 156, 146, 145, 144, 155, 165, 153, 142, 130, 119, 109, 99, 89, 78, 49, 79, 67, 68, 59, 60, 50, 41, 33, 32, 25, 19, 20, 28, 35, 36, 27, 26, 34, 42, 51, 61, 72, 71, 70, 69, 81, 93, 104, 103, 115, 127, 139, 140, 151, 162, 150, 138, 128, 116, 106, 95, 105, 94, 83, 82, 92, 91, 80, 79]
21,[51, 78, 77, 76, 65, 54, 45, 37, 38, 39, 31, 30, 29, 28, 27, 34, 42, 51, 61, 71, 70, 81, 91, 102, 103, 104, 93, 94, 95, 105, 116, 128, 129, 141, 142, 143, 154, 155, 156, 166, 175, 167, 168, 157, 145, 144, 132, 121, 110, 99, 89, 78, 49, 79, 91, 102, 103, 114, 115, 126, 127, 117, 106, 117, 128, 139, 151, 162, 171, 172, 163, 173, 182, 183, 184, 176, 183, 189, 181, 174, 165, 164, 153, 152, 140, 130, 118, 107, 96, 108, 109, 97, 86, 73, 85, 84, 72, 83, 82, 92, 80, 79]
22,[46, 78, 77, 90, 101, 100, 111, 121, 131, 141, 151, 140, 128, 129, 139, 150, 162, 172, 173, 163, 152, 142, 143, 144, 132, 133, 121, 120, 110, 98, 97, 107, 117, 127, 115, 104, 116, 105, 95, 106, 96, 86, 75, 76, 88, 89, 78, 49, 79, 67, 80, 68, 69, 81, 70, 71, 72, 85, 97, 108, 120, 121, 122, 111, 112, 123, 134, 145, 146, 157, 156, 155, 167, 175, 174, 164, 165, 166, 154, 153, 141, 130, 119, 109, 99, 87, 74, 73, 84, 83, 82, 94, 93, 103, 92, 91, 79]
23,[48, 78, 90, 101, 112, 123, 111, 101, 100, 99, 110, 120, 131, 130, 141, 142, 132, 133, 145, 157, 167, 166, 174, 164, 173, 165, 153, 152, 140, 129, 118, 106, 116, 127, 115, 114, 103, 102, 92, 93, 83, 94, 95, 85, 86, 75, 88, 89, 78, 49, 79, 67, 68, 69, 70, 81, 92, 104, 105, 117, 128, 139, 151, 163, 172, 181, 189, 190, 182, 183, 184, 175, 176, 177, 168, 156, 155, 154, 143, 144, 133, 122, 121, 109, 119, 108, 98, 87, 97, 107, 96, 84, 72, 71, 82, 81, 80, 91, 79]
24,[48, 78, 90, 101, 112, 124, 113, 125, 136, 147, 158, 147, 135, 123, 111, 122, 133, 134, 146, 145, 156, 144, 143, 131, 121, 110, 98, 108, 96, 95, 94, 93, 92, 103, 104, 105, 106, 118, 130, 120, 119, 109, 97, 86, 74, 87, 99, 89, 78, 49, 79, 80, 81, 82, 93, 104, 116, 128, 116, 115, 116, 106, 96, 85, 73, 64, 53, 63, 52, 62, 72, 61, 71, 83, 84, 96, 107, 117, 129, 141, 142, 153, 154, 155, 166, 165, 164, 163, 152, 162, 151, 140, 139, 127, 126, 114, 102, 91, 79]
25,[48, 78, 77, 66, 55, 45, 53, 52, 51, 42, 34, 26, 19, 20, 27, 35, 28, 36, 43, 44, 54, 65, 75, 64, 63, 74, 86, 97, 109, 120, 132, 122, 133, 144, 145, 146, 158, 157, 156, 155, 143, 131, 119, 108, 98, 87, 99, 89, 78, 48, 79, 68, 69, 70, 71, 72, 73, 85, 96, 107, 118, 130, 140, 150, 162, 152, 151, 163, 164, 173, 172, 181, 174, 175, 167, 176, 166, 154, 165, 153, 141, 129, 117, 116, 104, 105, 106, 96, 84, 95, 94, 83, 82, 92, 93, 81, 80, 79]
26,[49, 78, 77, 76, 65, 75, 74, 64, 53, 52, 43, 42, 51, 61, 62, 53, 54, 64, 63, 73, 85, 72, 71, 83, 84, 96, 108, 119, 131, 143, 142, 141, 140, 128, 138, 126, 115, 105, 94, 95, 107, 97, 86, 98, 87, 99, 88, 100, 89, 78, 51, 79, 67, 68, 80, 68, 81, 69, 70, 82, 94, 106, 117, 118, 129, 130, 120, 121, 120, 109, 110, 122, 132, 133, 144, 145, 146, 147, 148, 160, 159, 158, 168, 167, 175, 166, 165, 164, 154, 153, 152, 163, 151, 150, 139, 127, 116, 104, 93, 92, 91, 79]
27,[51, 78, 77, 76, 75, 74, 64, 54, 45, 44, 53, 52, 43, 35, 34, 41, 50, 49, 40, 32, 25, 33, 42, 51, 61, 70, 83, 84, 95, 106, 107, 118, 129, 139, 150, 151, 162, 172, 164, 163, 153, 152, 141, 131, 119, 108, 97, 87, 99, 100, 89, 78, 49, 79, 91, 102, 103, 92, 82, 70, 71, 72, 73, 85, 96, 86, 98, 110, 109, 120, 132, 143, 144, 155, 156, 167, 166, 176, 177, 184, 191, 197, 190, 182, 189, 183, 175, 174, 165, 154, 142, 130, 140, 128, 116, 105, 94, 104, 93, 81, 80, 79]
28,[49, 78, 90, 100, 111, 99, 110, 121, 132, 133, 134, 145, 157, 156, 168, 167, 176, 175, 166, 155, 144, 143, 131, 142, 152, 142, 154, 164, 172, 162, 150, 139, 127, 115, 114, 103, 92, 82, 83, 71, 62, 73, 85, 86, 97, 98, 87, 88, 89, 78, 48, 79, 68, 58, 48, 40, 33, 34, 26, 18, 19, 25, 32, 40, 49, 59, 69, 60, 70, 61, 72, 84, 96, 107, 108, 109, 120, 119, 130, 140, 151, 163, 173, 181, 174, 165, 153, 141, 129, 117, 106, 95, 94, 105, 104, 93, 81, 91, 79]
29,[49, 78, 77, 76, 65, 74, 73, 62, 61, 50, 41, 33, 25, 18, 19, 26, 20, 27, 34, 43, 53, 63, 72, 84, 85, 96, 95, 105, 104, 115, 116, 128, 139, 150, 161, 151, 162, 163, 153, 152, 140, 141, 129, 119, 108, 97, 98, 99, 89, 78, 49, 79, 67, 68, 69, 70, 60, 51, 52, 44, 36, 45, 54, 64, 75, 87, 88, 100, 111, 122, 123, 134, 145, 133, 144, 155, 165, 173, 181, 172, 164, 174, 175, 167, 156, 166, 154, 143, 142, 130, 118, 107, 106, 94, 83, 93, 82, 81, 80, 79]
