0,[51, 78, 90, 100, 110, 109, 108, 119, 130, 141, 140, 129, 128, 117, 116, 127, 139, 150, 151, 152, 162, 163, 172, 181, 174, 173, 164, 165, 166, 155, 144, 143, 154, 153, 142, 130, 118, 107, 96, 84, 83, 94, 93, 105, 106, 95, 85, 97, 98, 99, 89, 78]
1,[52, 78, 90, 77, 76, 75, 64, 74, 86, 98, 109, 108, 119, 131, 130, 141, 142, 153, 154, 155, 166, 165, 164, 163, 152, 151, 140, 129, 118, 117, 116, 115, 104, 105, 93, 92, 103, 91, 80, 81, 70, 82, 94, 83, 84, 95, 106, 96, 97, 87, 88, 89, 78]
2,[52, 78, 90, 100, 110, 109, 108, 119, 130, 142, 154, 165, 174, 175, 176, 166, 167, 168, 157, 156, 155, 144, 143, 153, 164, 173, 172, 163, 152, 141, 129, 118, 107, 106, 116, 105, 104, 103, 92, 93, 82, 71, 84, 83, 94, 95, 96, 85, 86, 87, 88, 89, 78]
3,[52, 78, 77, 76, 75, 65, 54, 64, 74, 86, 97, 98, 110, 120, 131, 142, 143, 154, 155, 165, 166, 174, 173, 164, 153, 152, 163, 151, 140, 129, 118, 117, 106, 105, 104, 103, 93, 92, 91, 80, 81, 82, 83, 84, 94, 95, 96, 107, 108, 109, 99, 89, 78]
4,[53, 78, 77, 90, 101, 112, 123, 134, 145, 146, 157, 156, 155, 144, 133, 132, 131, 142, 130, 118, 119, 120, 109, 108, 97, 96, 85, 84, 83, 82, 93, 94, 95, 107, 106, 105, 116, 117, 129, 140, 151, 152, 153, 163, 164, 165, 154, 143, 132, 121, 110, 99, 89, 78]
5,[53, 78, 90, 100, 99, 98, 109, 120, 131, 142, 143, 144, 155, 156, 167, 176, 184, 183, 189, 182, 181, 173, 164, 165, 174, 175, 166, 154, 153, 141, 129, 118, 117, 107, 106, 105, 104, 103, 93, 92, 91, 80, 81, 82, 83, 94, 95, 84, 85, 86, 87, 88, 89, 78]
6,[52, 78, 90, 101, 100, 111, 110, 121, 132, 133, 145, 144, 143, 154, 155, 156, 168, 167, 176, 175, 166, 165, 164, 174, 173, 172, 163, 152, 153, 142, 141, 129, 118, 107, 106, 95, 105, 116, 104, 103, 92, 81, 82, 93, 83, 94, 84, 96, 97, 98, 99, 89, 78]
7,[53, 78, 77, 76, 75, 87, 86, 74, 73, 62, 72, 61, 60, 59, 69, 70, 71, 83, 82, 93, 94, 84, 85, 96, 97, 98, 109, 108, 120, 119, 118, 107, 95, 106, 117, 129, 140, 151, 152, 163, 164, 165, 166, 155, 154, 153, 142, 131, 121, 110, 99, 88, 89, 78]
8,[51, 78, 77, 76, 75, 74, 73, 62, 51, 42, 34, 33, 41, 50, 60, 70, 82, 83, 72, 85, 84, 94, 93, 104, 105, 106, 95, 96, 108, 119, 118, 130, 141, 153, 164, 165, 166, 155, 154, 143, 142, 152, 140, 129, 117, 107, 97, 86, 87, 88, 89, 78]
9,[52, 78, 90, 101, 100, 88, 87, 86, 74, 64, 63, 62, 72, 73, 85, 96, 107, 118, 117, 128, 129, 140, 141, 142, 153, 154, 165, 164, 163, 152, 151, 139, 127, 116, 105, 106, 95, 83, 82, 92, 104, 103, 93, 94, 84, 96, 97, 108, 109, 98, 99, 89, 78]
10,[52, 78, 90, 101, 100, 111, 122, 133, 145, 156, 157, 158, 169, 178, 177, 168, 167, 176, 175, 166, 155, 144, 143, 142, 130, 129, 141, 153, 154, 165, 173, 174, 164, 163, 152, 140, 128, 117, 106, 105, 104, 93, 82, 83, 94, 95, 84, 96, 97, 98, 99, 89, 78]
11,[53, 78, 90, 101, 100, 111, 122, 133, 132, 143, 144, 155, 154, 166, 174, 173, 172, 163, 164, 165, 153, 142, 131, 120, 121, 110, 98, 109, 108, 97, 96, 107, 118, 129, 130, 141, 152, 151, 140, 128, 117, 106, 105, 104, 93, 83, 94, 95, 85, 86, 87, 88, 89, 78]
12,[51, 78, 90, 101, 100, 111, 122, 133, 144, 156, 155, 166, 154, 165, 153, 164, 173, 172, 163, 152, 140, 128, 116, 106, 107, 96, 95, 94, 84, 83, 82, 81, 92, 103, 104, 93, 105, 117, 129, 141, 142, 143, 131, 130, 119, 108, 97, 86, 87, 88, 89, 78]
13,[51, 78, 90, 100, 111, 122, 133, 144, 143, 142, 152, 163, 164, 173, 174, 165, 175, 166, 176, 167, 156, 155, 154, 153, 152, 162, 151, 141, 129, 118, 117, 116, 115, 105, 106, 107, 95, 94, 104, 92, 103, 93, 82, 83, 84, 85, 96, 97, 98, 99, 89, 78]
14,[52, 78, 90, 100, 110, 121, 132, 143, 142, 141, 152, 163, 162, 172, 164, 173, 174, 165, 166, 155, 154, 153, 152, 151, 140, 128, 116, 115, 104, 103, 92, 93, 82, 70, 60, 61, 71, 83, 95, 107, 106, 105, 94, 84, 72, 73, 85, 96, 97, 98, 99, 89, 78]
15,[53, 78, 77, 88, 87, 86, 74, 73, 72, 84, 85, 96, 107, 108, 119, 130, 142, 153, 165, 164, 163, 162, 151, 152, 141, 140, 129, 118, 117, 116, 105, 104, 93, 92, 81, 69, 59, 68, 80, 91, 92, 82, 70, 71, 83, 94, 106, 95, 96, 97, 98, 99, 89, 78]
16,[52, 78, 90, 101, 100, 110, 121, 131, 132, 143, 154, 155, 156, 145, 157, 168, 167, 166, 165, 164, 153, 152, 163, 162, 151, 150, 139, 140, 141, 140, 129, 117, 116, 105, 106, 95, 83, 71, 70, 69, 81, 93, 92, 103, 104, 94, 84, 96, 97, 98, 88, 89, 78]
17,[53, 78, 90, 100, 111, 122, 133, 144, 155, 154, 165, 166, 167, 176, 184, 183, 175, 174, 182, 181, 173, 164, 163, 152, 153, 142, 141, 129, 118, 107, 106, 95, 83, 71, 70, 69, 82, 81, 92, 103, 93, 104, 115, 116, 105, 94, 84, 85, 96, 97, 98, 99, 89, 78]
18,[52, 78, 77, 88, 87, 86, 74, 73, 85, 96, 95, 84, 72, 62, 52, 43, 35, 27, 28, 20, 19, 26, 18, 25, 33, 41, 50, 61, 71, 83, 94, 93, 104, 105, 106, 117, 129, 140, 141, 152, 151, 163, 164, 165, 154, 153, 142, 130, 119, 109, 99, 89, 78]
19,[51, 78, 77, 76, 75, 74, 63, 73, 62, 61, 70, 82, 81, 92, 80, 68, 69, 60, 71, 72, 84, 85, 97, 108, 119, 130, 141, 142, 153, 154, 166, 165, 164, 152, 140, 129, 118, 107, 106, 94, 83, 93, 104, 105, 95, 96, 86, 87, 88, 89, 90, 78]
20,[51, 78, 90, 100, 111, 110, 121, 120, 109, 97, 96, 86, 85, 84, 83, 71, 82, 81, 91, 92, 103, 93, 104, 94, 95, 106, 105, 116, 117, 129, 128, 140, 151, 162, 163, 152, 153, 164, 173, 174, 165, 154, 142, 141, 130, 118, 107, 108, 98, 99, 89, 78]
21,[51, 78, 77, 76, 75, 86, 96, 107, 117, 116, 128, 127, 139, 140, 141, 129, 118, 106, 95, 105, 94, 84, 83, 93, 82, 81, 80, 91, 92, 103, 104, 115, 126, 138, 150, 151, 152, 163, 164, 165, 154, 153, 142, 130, 119, 108, 97, 98, 87, 88, 89, 78]
22,[52, 78, 90, 100, 111, 110, 121, 120, 119, 118, 107, 117, 127, 138, 139, 140, 151, 162, 163, 164, 165, 153, 152, 141, 130, 129, 128, 116, 115, 104, 103, 92, 93, 105, 106, 95, 84, 83, 71, 70, 69, 81, 82, 94, 95, 96, 85, 97, 108, 109, 99, 89, 78]
23,[53, 78, 90, 100, 111, 110, 121, 122, 123, 134, 133, 132, 144, 143, 142, 153, 154, 155, 167, 176, 183, 182, 174, 175, 166, 165, 173, 164, 163, 152, 151, 140, 129, 118, 117, 106, 105, 104, 103, 102, 91, 92, 93, 82, 83, 94, 95, 96, 107, 108, 109, 99, 89, 78]
24,[52, 78, 90, 101, 100, 111, 110, 121, 132, 143, 155, 166, 156, 144, 133, 134, 145, 146, 157, 167, 176, 175, 174, 165, 154, 153, 164, 163, 152, 151, 140, 128, 116, 105, 104, 92, 93, 82, 83, 84, 94, 95, 106, 117, 118, 108, 107, 96, 97, 98, 99, 89, 78]
25,[49, 78, 90, 101, 100, 111, 110, 122, 121, 120, 119, 129, 139, 150, 151, 162, 163, 152, 140, 141, 153, 164, 165, 166, 155, 143, 154, 142, 130, 118, 106, 96, 85, 84, 83, 82, 92, 103, 104, 116, 105, 93, 94, 95, 107, 108, 109, 99, 89, 78]
26,[52, 78, 90, 100, 111, 122, 133, 143, 144, 132, 121, 110, 109, 120, 131, 142, 154, 155, 156, 167, 166, 165, 173, 164, 163, 152, 153, 141, 140, 129, 128, 117, 116, 115, 104, 103, 92, 93, 82, 83, 84, 94, 105, 106, 95, 96, 107, 118, 108, 98, 99, 89, 78]
27,[53, 78, 89, 88, 87, 86, 74, 73, 63, 53, 44, 36, 27, 35, 43, 52, 62, 72, 71, 72, 84, 95, 106, 117, 128, 129, 118, 119, 130, 141, 152, 151, 140, 139, 127, 116, 105, 104, 103, 93, 92, 81, 82, 94, 84, 85, 96, 107, 108, 97, 98, 88, 77, 78]
28,[52, 78, 90, 101, 112, 111, 122, 133, 134, 145, 144, 143, 132, 121, 110, 99, 98, 108, 96, 85, 84, 95, 83, 71, 82, 81, 91, 92, 104, 103, 93, 94, 105, 106, 117, 129, 140, 141, 152, 164, 165, 154, 153, 142, 131, 120, 109, 97, 86, 87, 88, 89, 78]
29,[51, 78, 90, 100, 99, 98, 97, 108, 96, 107, 117, 116, 115, 114, 103, 115, 126, 127, 128, 140, 141, 153, 154, 165, 164, 163, 152, 151, 139, 129, 118, 106, 105, 104, 93, 94, 95, 84, 71, 61, 70, 69, 81, 82, 83, 72, 85, 86, 87, 88, 89, 78]
0,[52, 78, 90, 101, 100, 111, 110, 109, 120, 119, 108, 107, 117, 127, 116, 128, 129, 140, 151, 152, 163, 172, 181, 182, 183, 176, 175, 174, 173, 164, 165, 166, 155, 154, 153, 142, 130, 118, 106, 105, 94, 104, 93, 82, 83, 84, 95, 96, 97, 98, 99, 89, 78]
1,[53, 78, 90, 89, 100, 111, 122, 133, 134, 135, 146, 145, 144, 155, 167, 166, 165, 154, 143, 131, 119, 108, 96, 95, 94, 106, 107, 118, 129, 130, 141, 142, 153, 152, 151, 150, 139, 140, 128, 117, 116, 105, 104, 92, 93, 83, 84, 85, 86, 74, 75, 76, 77, 78]
2,[55, 78, 90, 101, 100, 99, 110, 121, 132, 143, 144, 156, 167, 176, 177, 185, 184, 183, 175, 174, 173, 164, 165, 166, 155, 154, 153, 142, 141, 152, 151, 140, 129, 117, 106, 116, 105, 104, 93, 92, 91, 80, 81, 82, 70, 71, 83, 94, 95, 84, 85, 86, 87, 88, 89, 78]
3,[51, 78, 77, 76, 65, 54, 44, 35, 34, 26, 19, 18, 25, 33, 41, 50, 60, 70, 82, 92, 103, 104, 116, 117, 128, 129, 140, 151, 141, 152, 163, 164, 153, 165, 166, 155, 154, 142, 130, 118, 107, 106, 105, 93, 94, 95, 96, 97, 98, 99, 89, 78]
4,[52, 78, 90, 77, 78, 90, 101, 112, 123, 134, 145, 157, 156, 155, 144, 133, 132, 143, 131, 130, 119, 108, 97, 85, 84, 95, 83, 94, 93, 104, 105, 106, 107, 118, 117, 128, 129, 140, 141, 151, 152, 153, 163, 164, 165, 154, 142, 131, 120, 109, 99, 89, 78]
5,[51, 78, 89, 99, 110, 121, 132, 143, 144, 145, 156, 155, 167, 176, 175, 166, 154, 165, 164, 173, 163, 152, 153, 142, 130, 118, 107, 106, 94, 93, 83, 84, 71, 82, 81, 91, 92, 103, 104, 115, 116, 117, 105, 95, 96, 85, 86, 74, 75, 76, 77, 78]
6,[52, 78, 90, 100, 99, 110, 122, 121, 120, 109, 98, 86, 85, 73, 63, 62, 51, 42, 34, 26, 18, 25, 33, 41, 50, 61, 72, 71, 70, 81, 82, 83, 94, 93, 104, 105, 95, 106, 107, 118, 129, 140, 151, 152, 141, 130, 119, 108, 97, 87, 88, 89, 78]
7,[53, 78, 90, 89, 88, 87, 98, 97, 86, 85, 84, 83, 93, 104, 105, 106, 107, 118, 130, 131, 141, 142, 154, 155, 166, 165, 153, 164, 163, 152, 151, 140, 129, 117, 116, 115, 114, 103, 102, 91, 80, 92, 81, 82, 94, 95, 96, 85, 73, 74, 75, 76, 77, 78]
8,[55, 78, 77, 76, 75, 74, 63, 52, 42, 34, 26, 25, 33, 41, 50, 60, 61, 62, 72, 84, 85, 97, 96, 95, 94, 83, 71, 70, 82, 93, 92, 103, 104, 105, 106, 107, 118, 129, 140, 151, 152, 153, 164, 173, 174, 165, 154, 155, 144, 133, 122, 111, 100, 89, 90, 78]
9,[53, 78, 90, 77, 76, 66, 65, 75, 87, 98, 109, 120, 131, 132, 133, 144, 143, 154, 155, 156, 168, 167, 166, 165, 154, 142, 153, 164, 163, 152, 151, 140, 129, 118, 107, 106, 105, 95, 94, 104, 92, 103, 93, 82, 83, 84, 85, 96, 97, 86, 87, 88, 89, 78]
10,[52, 78, 90, 101, 100, 99, 110, 109, 108, 107, 118, 129, 140, 151, 162, 163, 164, 173, 174, 164, 165, 166, 155, 154, 143, 142, 153, 152, 140, 128, 116, 117, 105, 104, 93, 92, 103, 91, 80, 81, 82, 71, 83, 94, 84, 95, 106, 96, 97, 98, 99, 89, 78]
11,[53, 78, 90, 100, 111, 122, 133, 144, 143, 142, 153, 154, 155, 166, 175, 165, 174, 164, 173, 172, 163, 152, 151, 140, 129, 117, 116, 105, 104, 93, 82, 70, 69, 68, 80, 81, 91, 92, 93, 94, 83, 71, 84, 95, 106, 118, 107, 96, 85, 86, 87, 88, 89, 78]
12,[52, 78, 90, 100, 111, 110, 121, 132, 131, 130, 129, 118, 107, 96, 85, 73, 62, 72, 61, 71, 84, 85, 86, 87, 98, 109, 120, 108, 119, 131, 142, 153, 164, 163, 152, 151, 140, 128, 116, 105, 104, 93, 92, 82, 83, 94, 95, 96, 97, 98, 99, 89, 78]
13,[52, 78, 90, 100, 111, 122, 133, 134, 135, 147, 146, 145, 144, 155, 154, 165, 174, 173, 164, 153, 152, 163, 162, 151, 140, 129, 118, 117, 116, 105, 104, 92, 81, 69, 68, 80, 91, 103, 93, 82, 71, 83, 94, 84, 95, 106, 96, 107, 108, 109, 99, 89, 78]
14,[51, 78, 90, 100, 111, 110, 109, 120, 131, 143, 142, 153, 165, 175, 166, 167, 176, 177, 169, 158, 157, 156, 144, 155, 154, 164, 173, 172, 163, 162, 152, 151, 141, 129, 118, 107, 106, 105, 104, 92, 93, 94, 82, 83, 84, 95, 96, 97, 98, 99, 89, 78]
15,[52, 78, 90, 101, 100, 111, 110, 98, 97, 108, 107, 118, 129, 140, 128, 117, 106, 95, 96, 84, 85, 86, 87, 74, 73, 72, 62, 61, 71, 83, 82, 93, 94, 104, 105, 116, 127, 139, 150, 151, 152, 163, 164, 165, 154, 153, 142, 130, 119, 109, 99, 89, 78]
16,[52, 78, 90, 100, 111, 110, 121, 132, 131, 142, 143, 144, 145, 156, 155, 167, 166, 175, 174, 165, 154, 153, 164, 163, 152, 151, 140, 129, 128, 117, 116, 106, 105, 93, 82, 83, 70, 81, 92, 103, 104, 94, 95, 84, 96, 107, 118, 119, 108, 109, 99, 89, 78]
17,[53, 78, 90, 89, 88, 99, 100, 112, 123, 134, 145, 146, 147, 158, 157, 156, 155, 166, 175, 174, 165, 173, 172, 163, 164, 153, 152, 141, 130, 118, 117, 106, 94, 84, 72, 83, 82, 93, 92, 103, 104, 105, 95, 107, 108, 97, 96, 85, 86, 87, 75, 76, 77, 78]
18,[51, 78, 77, 88, 87, 86, 85, 84, 71, 61, 51, 42, 34, 35, 27, 26, 19, 18, 25, 32, 33, 41, 50, 60, 70, 82, 93, 83, 94, 104, 105, 116, 117, 129, 141, 153, 152, 163, 164, 165, 154, 142, 130, 118, 106, 95, 96, 97, 98, 99, 89, 78]
19,[52, 78, 89, 99, 110, 121, 132, 143, 142, 152, 151, 150, 161, 162, 172, 163, 164, 173, 174, 165, 166, 155, 154, 153, 142, 131, 119, 118, 130, 141, 140, 128, 116, 106, 95, 94, 83, 82, 93, 92, 103, 104, 105, 117, 107, 96, 85, 86, 74, 75, 76, 77, 78]
20,[52, 78, 90, 101, 100, 111, 122, 133, 134, 145, 144, 143, 142, 152, 163, 164, 173, 181, 182, 183, 175, 174, 165, 166, 155, 154, 153, 141, 129, 117, 106, 105, 104, 93, 82, 71, 84, 85, 73, 72, 61, 60, 70, 83, 94, 95, 96, 107, 108, 109, 99, 89, 78]
21,[53, 78, 90, 101, 100, 111, 122, 121, 120, 119, 108, 109, 98, 97, 96, 107, 106, 95, 84, 94, 83, 70, 69, 82, 81, 91, 102, 103, 92, 93, 104, 105, 116, 117, 118, 130, 141, 151, 152, 163, 164, 165, 154, 153, 142, 131, 143, 132, 121, 110, 99, 88, 77, 78]
22,[51, 78, 77, 88, 98, 110, 121, 133, 145, 156, 167, 155, 144, 143, 154, 165, 166, 174, 173, 172, 164, 163, 152, 153, 142, 141, 129, 118, 117, 116, 115, 103, 104, 93, 92, 81, 82, 70, 71, 83, 84, 94, 105, 106, 95, 96, 107, 108, 109, 99, 89, 78]
23,[53, 78, 90, 101, 100, 111, 122, 133, 134, 135, 136, 137, 148, 147, 146, 145, 156, 155, 167, 166, 154, 143, 142, 153, 165, 174, 173, 164, 163, 151, 152, 141, 140, 129, 118, 107, 106, 105, 104, 93, 92, 91, 80, 81, 82, 94, 83, 95, 96, 97, 98, 99, 89, 78]
24,[49, 78, 77, 88, 100, 111, 122, 133, 144, 143, 154, 155, 166, 165, 173, 164, 153, 142, 130, 118, 107, 117, 106, 116, 104, 93, 81, 80, 92, 91, 102, 103, 114, 115, 105, 94, 84, 72, 61, 71, 70, 82, 83, 95, 96, 108, 109, 99, 89, 78]
25,[51, 78, 90, 101, 100, 111, 110, 121, 132, 143, 142, 154, 155, 167, 175, 166, 174, 165, 164, 173, 163, 153, 152, 151, 140, 141, 129, 118, 117, 116, 104, 105, 95, 85, 84, 83, 82, 81, 92, 91, 102, 103, 93, 94, 106, 107, 96, 97, 98, 99, 89, 78]
26,[51, 78, 90, 100, 111, 110, 109, 120, 119, 108, 96, 95, 106, 117, 116, 104, 93, 92, 82, 83, 94, 105, 115, 127, 128, 129, 140, 151, 162, 152, 141, 153, 163, 164, 173, 165, 174, 175, 166, 155, 154, 143, 142, 131, 130, 118, 107, 97, 98, 99, 89, 78]
27,[53, 78, 77, 76, 75, 74, 73, 72, 84, 95, 106, 107, 108, 109, 120, 119, 118, 130, 141, 142, 143, 154, 155, 167, 166, 165, 174, 173, 163, 164, 153, 152, 151, 140, 129, 117, 116, 105, 104, 103, 92, 81, 93, 82, 83, 94, 95, 96, 85, 97, 98, 99, 89, 78]
28,[52, 78, 77, 76, 75, 74, 73, 72, 61, 71, 70, 81, 80, 91, 92, 103, 114, 115, 116, 117, 107, 108, 119, 130, 142, 153, 143, 154, 165, 164, 163, 162, 151, 152, 141, 129, 118, 106, 105, 104, 94, 93, 82, 83, 95, 84, 96, 85, 86, 87, 88, 89, 78]
29,[53, 78, 90, 101, 100, 111, 110, 109, 108, 119, 130, 131, 142, 141, 153, 143, 144, 155, 154, 165, 166, 156, 167, 176, 175, 174, 182, 181, 173, 164, 163, 152, 151, 140, 129, 118, 107, 106, 105, 104, 103, 93, 92, 81, 82, 94, 83, 95, 96, 97, 98, 99, 89, 78]
0,[52, 78, 90, 100, 89, 76, 75, 74, 73, 84, 72, 71, 83, 82, 70, 60, 59, 69, 81, 92, 103, 104, 93, 105, 94, 95, 107, 108, 119, 130, 142, 153, 143, 154, 165, 164, 173, 163, 152, 151, 140, 129, 118, 117, 116, 106, 96, 85, 86, 87, 88, 77, 78]
1,[52, 78, 90, 101, 100, 111, 110, 121, 132, 143, 144, 155, 154, 166, 165, 174, 173, 164, 163, 153, 142, 131, 119, 107, 118, 129, 130, 141, 152, 151, 140, 139, 128, 116, 117, 106, 105, 104, 103, 91, 81, 82, 92, 93, 94, 83, 95, 96, 97, 98, 99, 89, 78]
2,[55, 78, 90, 101, 100, 99, 98, 109, 120, 131, 142, 141, 152, 163, 164, 173, 174, 165, 166, 167, 156, 155, 154, 153, 152, 151, 140, 129, 118, 108, 107, 96, 84, 83, 72, 71, 70, 82, 81, 92, 93, 94, 105, 104, 115, 116, 117, 106, 95, 96, 85, 86, 87, 88, 89, 78]
3,[53, 78, 90, 101, 112, 123, 134, 145, 135, 146, 157, 168, 177, 176, 175, 183, 182, 173, 174, 166, 167, 156, 155, 144, 143, 154, 165, 164, 153, 152, 141, 129, 118, 107, 106, 105, 116, 115, 114, 103, 104, 92, 93, 82, 83, 94, 95, 84, 96, 97, 98, 99, 89, 78]
4,[52, 78, 77, 90, 101, 112, 123, 134, 145, 157, 156, 167, 166, 175, 176, 184, 183, 189, 182, 174, 165, 153, 142, 141, 129, 130, 118, 107, 96, 84, 83, 94, 95, 106, 105, 104, 116, 117, 128, 140, 151, 152, 163, 164, 154, 155, 144, 133, 122, 111, 100, 89, 78]
5,[51, 78, 90, 100, 99, 98, 109, 108, 119, 130, 131, 142, 132, 144, 143, 154, 155, 166, 175, 183, 182, 174, 165, 153, 164, 163, 152, 141, 129, 117, 116, 106, 95, 83, 71, 82, 92, 103, 104, 93, 105, 94, 84, 85, 96, 107, 97, 86, 87, 88, 89, 78]
6,[52, 78, 77, 76, 75, 74, 73, 72, 84, 73, 85, 86, 87, 98, 109, 108, 120, 131, 132, 142, 143, 153, 154, 166, 165, 164, 163, 152, 141, 130, 119, 107, 118, 129, 140, 139, 128, 117, 106, 94, 105, 116, 104, 93, 82, 83, 95, 96, 97, 98, 99, 89, 78]
7,[52, 78, 77, 76, 88, 99, 109, 108, 119, 129, 128, 139, 140, 141, 153, 154, 155, 156, 157, 168, 167, 166, 174, 165, 164, 163, 152, 142, 131, 130, 119, 118, 107, 117, 116, 115, 104, 105, 106, 94, 82, 93, 83, 84, 95, 96, 85, 86, 97, 98, 99, 89, 78]
8,[52, 78, 90, 100, 99, 110, 121, 132, 143, 144, 155, 156, 167, 166, 175, 176, 184, 183, 182, 174, 181, 173, 164, 165, 154, 153, 152, 142, 141, 140, 128, 116, 115, 114, 103, 104, 94, 105, 93, 92, 82, 83, 95, 106, 117, 107, 96, 85, 86, 87, 88, 89, 78]
9,[52, 78, 90, 89, 99, 98, 109, 110, 121, 132, 131, 120, 119, 130, 141, 153, 142, 143, 155, 167, 166, 156, 144, 154, 165, 173, 164, 163, 152, 151, 140, 129, 117, 118, 108, 107, 106, 105, 104, 93, 82, 83, 94, 84, 95, 96, 85, 86, 74, 75, 76, 77, 78]
10,[52, 78, 90, 100, 111, 110, 109, 120, 119, 130, 131, 142, 141, 152, 153, 143, 154, 155, 166, 165, 174, 173, 164, 163, 151, 140, 129, 117, 105, 116, 115, 104, 103, 92, 91, 80, 68, 69, 82, 70, 81, 93, 94, 83, 95, 106, 107, 96, 97, 98, 99, 89, 78]
11,[52, 78, 90, 100, 111, 122, 133, 144, 155, 154, 143, 142, 153, 164, 173, 165, 174, 182, 181, 172, 163, 152, 151, 140, 129, 118, 117, 105, 94, 83, 84, 95, 96, 108, 107, 106, 116, 104, 93, 103, 92, 81, 82, 70, 71, 72, 85, 86, 97, 98, 99, 89, 78]
12,[52, 78, 77, 76, 75, 74, 73, 72, 73, 85, 86, 87, 88, 100, 110, 121, 132, 143, 154, 155, 166, 165, 164, 163, 153, 152, 151, 140, 129, 117, 116, 115, 104, 94, 95, 84, 83, 82, 70, 81, 91, 103, 92, 93, 105, 106, 107, 96, 97, 98, 99, 89, 78]
13,[53, 78, 77, 76, 75, 64, 63, 62, 72, 73, 74, 86, 87, 98, 108, 107, 118, 119, 130, 141, 142, 143, 155, 156, 145, 144, 143, 154, 153, 152, 151, 140, 129, 128, 117, 116, 106, 105, 104, 103, 92, 93, 82, 83, 94, 95, 84, 85, 96, 97, 109, 99, 89, 78]
14,[53, 78, 77, 76, 75, 64, 54, 45, 37, 36, 35, 34, 42, 51, 61, 62, 52, 43, 44, 53, 63, 72, 73, 86, 85, 84, 83, 82, 93, 94, 95, 106, 117, 129, 141, 152, 151, 162, 163, 172, 173, 165, 164, 153, 154, 155, 144, 143, 132, 121, 110, 99, 89, 78]
15,[53, 78, 90, 100, 111, 122, 133, 144, 143, 155, 166, 167, 168, 177, 178, 179, 187, 186, 185, 192, 191, 184, 176, 175, 174, 164, 165, 154, 153, 163, 152, 151, 140, 129, 118, 117, 116, 115, 104, 105, 106, 94, 93, 82, 71, 83, 84, 95, 96, 97, 98, 99, 89, 78]
16,[53, 78, 90, 100, 111, 110, 109, 120, 131, 142, 143, 144, 145, 146, 157, 168, 167, 156, 155, 166, 165, 154, 153, 164, 163, 152, 151, 140, 129, 118, 117, 116, 115, 105, 93, 82, 70, 81, 80, 91, 92, 103, 104, 94, 83, 95, 106, 107, 96, 97, 98, 99, 89, 78]
17,[51, 78, 90, 100, 110, 120, 131, 142, 143, 144, 145, 157, 167, 156, 155, 166, 175, 174, 165, 173, 172, 163, 164, 154, 153, 152, 141, 129, 118, 107, 106, 95, 94, 104, 105, 116, 115, 103, 91, 92, 81, 93, 82, 83, 84, 85, 96, 97, 98, 99, 89, 78]
18,[51, 78, 90, 100, 110, 109, 108, 119, 118, 117, 128, 127, 116, 115, 114, 126, 138, 139, 150, 162, 172, 173, 174, 165, 175, 166, 155, 154, 153, 164, 152, 163, 162, 151, 141, 130, 118, 106, 95, 94, 105, 104, 93, 82, 83, 84, 96, 97, 98, 99, 89, 78]
19,[51, 78, 89, 99, 98, 109, 97, 108, 119, 130, 140, 151, 162, 163, 172, 173, 164, 174, 165, 175, 176, 177, 168, 167, 166, 155, 154, 142, 153, 152, 141, 129, 117, 116, 105, 95, 84, 83, 82, 92, 93, 104, 94, 106, 96, 85, 86, 74, 75, 76, 77, 78]
20,[53, 78, 77, 76, 75, 74, 73, 72, 62, 52, 43, 35, 26, 34, 42, 51, 61, 71, 83, 84, 85, 86, 87, 98, 97, 108, 119, 130, 142, 154, 165, 164, 153, 152, 151, 150, 138, 127, 116, 105, 104, 92, 93, 82, 94, 95, 96, 108, 109, 110, 99, 88, 89, 78]
21,[52, 78, 90, 100, 111, 122, 133, 144, 143, 142, 154, 155, 156, 167, 176, 166, 165, 174, 175, 182, 181, 173, 164, 153, 163, 151, 162, 152, 141, 129, 118, 117, 106, 107, 108, 97, 85, 84, 83, 82, 93, 92, 103, 104, 105, 94, 95, 96, 86, 87, 88, 89, 78]
22,[49, 78, 90, 101, 100, 111, 110, 121, 120, 119, 129, 141, 152, 151, 163, 164, 153, 165, 173, 174, 166, 155, 154, 143, 142, 130, 118, 117, 105, 104, 103, 102, 91, 92, 81, 82, 71, 84, 83, 93, 94, 106, 95, 107, 96, 108, 109, 99, 89, 78]
23,[53, 78, 77, 90, 101, 100, 99, 98, 97, 108, 119, 130, 141, 142, 143, 154, 155, 166, 156, 168, 167, 176, 175, 183, 182, 174, 165, 173, 164, 153, 163, 152, 151, 140, 128, 116, 105, 104, 103, 102, 91, 92, 93, 82, 83, 94, 95, 84, 85, 86, 87, 88, 89, 78]
24,[51, 78, 77, 76, 75, 87, 88, 100, 110, 121, 132, 143, 155, 166, 154, 165, 164, 163, 153, 152, 142, 131, 130, 119, 107, 106, 105, 104, 103, 92, 81, 69, 70, 82, 93, 83, 84, 94, 95, 106, 117, 128, 140, 141, 129, 118, 108, 97, 98, 99, 89, 78]
25,[52, 78, 90, 100, 111, 110, 121, 132, 143, 144, 155, 166, 175, 174, 182, 181, 173, 172, 171, 162, 151, 140, 141, 153, 165, 154, 164, 163, 152, 151, 150, 139, 127, 115, 116, 117, 106, 105, 94, 104, 93, 82, 83, 71, 84, 95, 107, 96, 97, 98, 99, 89, 78]
0,[51, 78, 90, 100, 110, 109, 108, 119, 130, 141, 140, 129, 128, 117, 116, 127, 139, 150, 151, 152, 162, 163, 172, 181, 174, 173, 164, 165, 166, 155, 144, 143, 154, 153, 142, 130, 118, 107, 96, 84, 83, 94, 93, 105, 106, 95, 85, 97, 98, 99, 89, 78]
1,[52, 78, 90, 77, 76, 75, 64, 74, 86, 98, 109, 108, 119, 131, 130, 141, 142, 153, 154, 155, 166, 165, 164, 163, 152, 151, 140, 129, 118, 117, 116, 115, 104, 105, 93, 92, 103, 91, 80, 81, 70, 82, 94, 83, 84, 95, 106, 96, 97, 87, 88, 89, 78]
2,[52, 78, 90, 100, 110, 109, 108, 119, 130, 142, 154, 165, 174, 175, 176, 166, 167, 168, 157, 156, 155, 144, 143, 153, 164, 173, 172, 163, 152, 141, 129, 118, 107, 106, 116, 105, 104, 103, 92, 93, 82, 71, 84, 83, 94, 95, 96, 85, 86, 87, 88, 89, 78]
3,[52, 78, 77, 76, 75, 65, 54, 64, 74, 86, 97, 98, 110, 120, 131, 142, 143, 154, 155, 165, 166, 174, 173, 164, 153, 152, 163, 151, 140, 129, 118, 117, 106, 105, 104, 103, 93, 92, 91, 80, 81, 82, 83, 84, 94, 95, 96, 107, 108, 109, 99, 89, 78]
4,[53, 78, 77, 90, 101, 112, 123, 134, 145, 146, 157, 156, 155, 144, 133, 132, 131, 142, 130, 118, 119, 120, 109, 108, 97, 96, 85, 84, 83, 82, 93, 94, 95, 107, 106, 105, 116, 117, 129, 140, 151, 152, 153, 163, 164, 165, 154, 143, 132, 121, 110, 99, 89, 78]
5,[53, 78, 90, 100, 99, 98, 109, 120, 131, 142, 143, 144, 155, 156, 167, 176, 184, 183, 189, 182, 181, 173, 164, 165, 174, 175, 166, 154, 153, 141, 129, 118, 117, 107, 106, 105, 104, 103, 93, 92, 91, 80, 81, 82, 83, 94, 95, 84, 85, 86, 87, 88, 89, 78]
6,[52, 78, 90, 101, 100, 111, 110, 121, 132, 133, 145, 144, 143, 154, 155, 156, 168, 167, 176, 175, 166, 165, 164, 174, 173, 172, 163, 152, 153, 142, 141, 129, 118, 107, 106, 95, 105, 116, 104, 103, 92, 81, 82, 93, 83, 94, 84, 96, 97, 98, 99, 89, 78]
7,[53, 78, 77, 76, 75, 87, 86, 74, 73, 62, 72, 61, 60, 59, 69, 70, 71, 83, 82, 93, 94, 84, 85, 96, 97, 98, 109, 108, 120, 119, 118, 107, 95, 106, 117, 129, 140, 151, 152, 163, 164, 165, 166, 155, 154, 153, 142, 131, 121, 110, 99, 88, 89, 78]
8,[51, 78, 77, 76, 75, 74, 73, 62, 51, 42, 34, 33, 41, 50, 60, 70, 82, 83, 72, 85, 84, 94, 93, 104, 105, 106, 95, 96, 108, 119, 118, 130, 141, 153, 164, 165, 166, 155, 154, 143, 142, 152, 140, 129, 117, 107, 97, 86, 87, 88, 89, 78]
9,[52, 78, 90, 101, 100, 88, 87, 86, 74, 64, 63, 62, 72, 73, 85, 96, 107, 118, 117, 128, 129, 140, 141, 142, 153, 154, 165, 164, 163, 152, 151, 139, 127, 116, 105, 106, 95, 83, 82, 92, 104, 103, 93, 94, 84, 96, 97, 108, 109, 98, 99, 89, 78]
10,[52, 78, 90, 101, 100, 111, 122, 133, 145, 156, 157, 158, 169, 178, 177, 168, 167, 176, 175, 166, 155, 144, 143, 142, 130, 129, 141, 153, 154, 165, 173, 174, 164, 163, 152, 140, 128, 117, 106, 105, 104, 93, 82, 83, 94, 95, 84, 96, 97, 98, 99, 89, 78]
11,[53, 78, 90, 101, 100, 111, 122, 133, 132, 143, 144, 155, 154, 166, 174, 173, 172, 163, 164, 165, 153, 142, 131, 120, 121, 110, 98, 109, 108, 97, 96, 107, 118, 129, 130, 141, 152, 151, 140, 128, 117, 106, 105, 104, 93, 83, 94, 95, 85, 86, 87, 88, 89, 78]
12,[51, 78, 90, 101, 100, 111, 122, 133, 144, 156, 155, 166, 154, 165, 153, 164, 173, 172, 163, 152, 140, 128, 116, 106, 107, 96, 95, 94, 84, 83, 82, 81, 92, 103, 104, 93, 105, 117, 129, 141, 142, 143, 131, 130, 119, 108, 97, 86, 87, 88, 89, 78]
13,[51, 78, 90, 100, 111, 122, 133, 144, 143, 142, 152, 163, 164, 173, 174, 165, 175, 166, 176, 167, 156, 155, 154, 153, 152, 162, 151, 141, 129, 118, 117, 116, 115, 105, 106, 107, 95, 94, 104, 92, 103, 93, 82, 83, 84, 85, 96, 97, 98, 99, 89, 78]
14,[52, 78, 90, 100, 110, 121, 132, 143, 142, 141, 152, 163, 162, 172, 164, 173, 174, 165, 166, 155, 154, 153, 152, 151, 140, 128, 116, 115, 104, 103, 92, 93, 82, 70, 60, 61, 71, 83, 95, 107, 106, 105, 94, 84, 72, 73, 85, 96, 97, 98, 99, 89, 78]
15,[53, 78, 77, 88, 87, 86, 74, 73, 72, 84, 85, 96, 107, 108, 119, 130, 142, 153, 165, 164, 163, 162, 151, 152, 141, 140, 129, 118, 117, 116, 105, 104, 93, 92, 81, 69, 59, 68, 80, 91, 92, 82, 70, 71, 83, 94, 106, 95, 96, 97, 98, 99, 89, 78]
16,[52, 78, 90, 101, 100, 110, 121, 131, 132, 143, 154, 155, 156, 145, 157, 168, 167, 166, 165, 164, 153, 152, 163, 162, 151, 150, 139, 140, 141, 140, 129, 117, 116, 105, 106, 95, 83, 71, 70, 69, 81, 93, 92, 103, 104, 94, 84, 96, 97, 98, 88, 89, 78]
17,[53, 78, 90, 100, 111, 122, 133, 144, 155, 154, 165, 166, 167, 176, 184, 183, 175, 174, 182, 181, 173, 164, 163, 152, 153, 142, 141, 129, 118, 107, 106, 95, 83, 71, 70, 69, 82, 81, 92, 103, 93, 104, 115, 116, 105, 94, 84, 85, 96, 97, 98, 99, 89, 78]
18,[52, 78, 77, 88, 87, 86, 74, 73, 85, 96, 95, 84, 72, 62, 52, 43, 35, 27, 28, 20, 19, 26, 18, 25, 33, 41, 50, 61, 71, 83, 94, 93, 104, 105, 106, 117, 129, 140, 141, 152, 151, 163, 164, 165, 154, 153, 142, 130, 119, 109, 99, 89, 78]
19,[51, 78, 77, 76, 75, 74, 63, 73, 62, 61, 70, 82, 81, 92, 80, 68, 69, 60, 71, 72, 84, 85, 97, 108, 119, 130, 141, 142, 153, 154, 166, 165, 164, 152, 140, 129, 118, 107, 106, 94, 83, 93, 104, 105, 95, 96, 86, 87, 88, 89, 90, 78]
20,[51, 78, 90, 100, 111, 110, 121, 120, 109, 97, 96, 86, 85, 84, 83, 71, 82, 81, 91, 92, 103, 93, 104, 94, 95, 106, 105, 116, 117, 129, 128, 140, 151, 162, 163, 152, 153, 164, 173, 174, 165, 154, 142, 141, 130, 118, 107, 108, 98, 99, 89, 78]
21,[51, 78, 77, 76, 75, 86, 96, 107, 117, 116, 128, 127, 139, 140, 141, 129, 118, 106, 95, 105, 94, 84, 83, 93, 82, 81, 80, 91, 92, 103, 104, 115, 126, 138, 150, 151, 152, 163, 164, 165, 154, 153, 142, 130, 119, 108, 97, 98, 87, 88, 89, 78]
22,[52, 78, 90, 100, 111, 110, 121, 120, 119, 118, 107, 117, 127, 138, 139, 140, 151, 162, 163, 164, 165, 153, 152, 141, 130, 129, 128, 116, 115, 104, 103, 92, 93, 105, 106, 95, 84, 83, 71, 70, 69, 81, 82, 94, 95, 96, 85, 97, 108, 109, 99, 89, 78]
23,[53, 78, 90, 100, 111, 110, 121, 122, 123, 134, 133, 132, 144, 143, 142, 153, 154, 155, 167, 176, 183, 182, 174, 175, 166, 165, 173, 164, 163, 152, 151, 140, 129, 118, 117, 106, 105, 104, 103, 102, 91, 92, 93, 82, 83, 94, 95, 96, 107, 108, 109, 99, 89, 78]
24,[52, 78, 90, 101, 100, 111, 110, 121, 132, 143, 155, 166, 156, 144, 133, 134, 145, 146, 157, 167, 176, 175, 174, 165, 154, 153, 164, 163, 152, 151, 140, 128, 116, 105, 104, 92, 93, 82, 83, 84, 94, 95, 106, 117, 118, 108, 107, 96, 97, 98, 99, 89, 78]
25,[49, 78, 90, 101, 100, 111, 110, 122, 121, 120, 119, 129, 139, 150, 151, 162, 163, 152, 140, 141, 153, 164, 165, 166, 155, 143, 154, 142, 130, 118, 106, 96, 85, 84, 83, 82, 92, 103, 104, 116, 105, 93, 94, 95, 107, 108, 109, 99, 89, 78]
26,[52, 78, 90, 100, 111, 122, 133, 143, 144, 132, 121, 110, 109, 120, 131, 142, 154, 155, 156, 167, 166, 165, 173, 164, 163, 152, 153, 141, 140, 129, 128, 117, 116, 115, 104, 103, 92, 93, 82, 83, 84, 94, 105, 106, 95, 96, 107, 118, 108, 98, 99, 89, 78]
27,[53, 78, 89, 88, 87, 86, 74, 73, 63, 53, 44, 36, 27, 35, 43, 52, 62, 72, 71, 72, 84, 95, 106, 117, 128, 129, 118, 119, 130, 141, 152, 151, 140, 139, 127, 116, 105, 104, 103, 93, 92, 81, 82, 94, 84, 85, 96, 107, 108, 97, 98, 88, 77, 78]
28,[52, 78, 90, 101, 112, 111, 122, 133, 134, 145, 144, 143, 132, 121, 110, 99, 98, 108, 96, 85, 84, 95, 83, 71, 82, 81, 91, 92, 104, 103, 93, 94, 105, 106, 117, 129, 140, 141, 152, 164, 165, 154, 153, 142, 131, 120, 109, 97, 86, 87, 88, 89, 78]
29,[51, 78, 90, 100, 99, 98, 97, 108, 96, 107, 117, 116, 115, 114, 103, 115, 126, 127, 128, 140, 141, 153, 154, 165, 164, 163, 152, 151, 139, 129, 118, 106, 105, 104, 93, 94, 95, 84, 71, 61, 70, 69, 81, 82, 83, 72, 85, 86, 87, 88, 89, 78]
0,[52, 78, 90, 101, 100, 111, 110, 109, 120, 119, 108, 107, 117, 127, 116, 128, 129, 140, 151, 152, 163, 172, 181, 182, 183, 176, 175, 174, 173, 164, 165, 166, 155, 154, 153, 142, 130, 118, 106, 105, 94, 104, 93, 82, 83, 84, 95, 96, 97, 98, 99, 89, 78]
1,[53, 78, 90, 89, 100, 111, 122, 133, 134, 135, 146, 145, 144, 155, 167, 166, 165, 154, 143, 131, 119, 108, 96, 95, 94, 106, 107, 118, 129, 130, 141, 142, 153, 152, 151, 150, 139, 140, 128, 117, 116, 105, 104, 92, 93, 83, 84, 85, 86, 74, 75, 76, 77, 78]
2,[55, 78, 90, 101, 100, 99, 110, 121, 132, 143, 144, 156, 167, 176, 177, 185, 184, 183, 175, 174, 173, 164, 165, 166, 155, 154, 153, 142, 141, 152, 151, 140, 129, 117, 106, 116, 105, 104, 93, 92, 91, 80, 81, 82, 70, 71, 83, 94, 95, 84, 85, 86, 87, 88, 89, 78]
3,[51, 78, 77, 76, 65, 54, 44, 35, 34, 26, 19, 18, 25, 33, 41, 50, 60, 70, 82, 92, 103, 104, 116, 117, 128, 129, 140, 151, 141, 152, 163, 164, 153, 165, 166, 155, 154, 142, 130, 118, 107, 106, 105, 93, 94, 95, 96, 97, 98, 99, 89, 78]
4,[52, 78, 90, 77, 78, 90, 101, 112, 123, 134, 145, 157, 156, 155, 144, 133, 132, 143, 131, 130, 119, 108, 97, 85, 84, 95, 83, 94, 93, 104, 105, 106, 107, 118, 117, 128, 129, 140, 141, 151, 152, 153, 163, 164, 165, 154, 142, 131, 120, 109, 99, 89, 78]
5,[51, 78, 89, 99, 110, 121, 132, 143, 144, 145, 156, 155, 167, 176, 175, 166, 154, 165, 164, 173, 163, 152, 153, 142, 130, 118, 107, 106, 94, 93, 83, 84, 71, 82, 81, 91, 92, 103, 104, 115, 116, 117, 105, 95, 96, 85, 86, 74, 75, 76, 77, 78]
6,[52, 78, 90, 100, 99, 110, 122, 121, 120, 109, 98, 86, 85, 73, 63, 62, 51, 42, 34, 26, 18, 25, 33, 41, 50, 61, 72, 71, 70, 81, 82, 83, 94, 93, 104, 105, 95, 106, 107, 118, 129, 140, 151, 152, 141, 130, 119, 108, 97, 87, 88, 89, 78]
7,[53, 78, 90, 89, 88, 87, 98, 97, 86, 85, 84, 83, 93, 104, 105, 106, 107, 118, 130, 131, 141, 142, 154, 155, 166, 165, 153, 164, 163, 152, 151, 140, 129, 117, 116, 115, 114, 103, 102, 91, 80, 92, 81, 82, 94, 95, 96, 85, 73, 74, 75, 76, 77, 78]
8,[55, 78, 77, 76, 75, 74, 63, 52, 42, 34, 26, 25, 33, 41, 50, 60, 61, 62, 72, 84, 85, 97, 96, 95, 94, 83, 71, 70, 82, 93, 92, 103, 104, 105, 106, 107, 118, 129, 140, 151, 152, 153, 164, 173, 174, 165, 154, 155, 144, 133, 122, 111, 100, 89, 90, 78]
9,[53, 78, 90, 77, 76, 66, 65, 75, 87, 98, 109, 120, 131, 132, 133, 144, 143, 154, 155, 156, 168, 167, 166, 165, 154, 142, 153, 164, 163, 152, 151, 140, 129, 118, 107, 106, 105, 95, 94, 104, 92, 103, 93, 82, 83, 84, 85, 96, 97, 86, 87, 88, 89, 78]
10,[52, 78, 90, 101, 100, 99, 110, 109, 108, 107, 118, 129, 140, 151, 162, 163, 164, 173, 174, 164, 165, 166, 155, 154, 143, 142, 153, 152, 140, 128, 116, 117, 105, 104, 93, 92, 103, 91, 80, 81, 82, 71, 83, 94, 84, 95, 106, 96, 97, 98, 99, 89, 78]
11,[53, 78, 90, 100, 111, 122, 133, 144, 143, 142, 153, 154, 155, 166, 175, 165, 174, 164, 173, 172, 163, 152, 151, 140, 129, 117, 116, 105, 104, 93, 82, 70, 69, 68, 80, 81, 91, 92, 93, 94, 83, 71, 84, 95, 106, 118, 107, 96, 85, 86, 87, 88, 89, 78]
12,[52, 78, 90, 100, 111, 110, 121, 132, 131, 130, 129, 118, 107, 96, 85, 73, 62, 72, 61, 71, 84, 85, 86, 87, 98, 109, 120, 108, 119, 131, 142, 153, 164, 163, 152, 151, 140, 128, 116, 105, 104, 93, 92, 82, 83, 94, 95, 96, 97, 98, 99, 89, 78]
13,[52, 78, 90, 100, 111, 122, 133, 134, 135, 147, 146, 145, 144, 155, 154, 165, 174, 173, 164, 153, 152, 163, 162, 151, 140, 129, 118, 117, 116, 105, 104, 92, 81, 69, 68, 80, 91, 103, 93, 82, 71, 83, 94, 84, 95, 106, 96, 107, 108, 109, 99, 89, 78]
14,[51, 78, 90, 100, 111, 110, 109, 120, 131, 143, 142, 153, 165, 175, 166, 167, 176, 177, 169, 158, 157, 156, 144, 155, 154, 164, 173, 172, 163, 162, 152, 151, 141, 129, 118, 107, 106, 105, 104, 92, 93, 94, 82, 83, 84, 95, 96, 97, 98, 99, 89, 78]
15,[52, 78, 90, 101, 100, 111, 110, 98, 97, 108, 107, 118, 129, 140, 128, 117, 106, 95, 96, 84, 85, 86, 87, 74, 73, 72, 62, 61, 71, 83, 82, 93, 94, 104, 105, 116, 127, 139, 150, 151, 152, 163, 164, 165, 154, 153, 142, 130, 119, 109, 99, 89, 78]
16,[52, 78, 90, 100, 111, 110, 121, 132, 131, 142, 143, 144, 145, 156, 155, 167, 166, 175, 174, 165, 154, 153, 164, 163, 152, 151, 140, 129, 128, 117, 116, 106, 105, 93, 82, 83, 70, 81, 92, 103, 104, 94, 95, 84, 96, 107, 118, 119, 108, 109, 99, 89, 78]
17,[53, 78, 90, 89, 88, 99, 100, 112, 123, 134, 145, 146, 147, 158, 157, 156, 155, 166, 175, 174, 165, 173, 172, 163, 164, 153, 152, 141, 130, 118, 117, 106, 94, 84, 72, 83, 82, 93, 92, 103, 104, 105, 95, 107, 108, 97, 96, 85, 86, 87, 75, 76, 77, 78]
18,[51, 78, 77, 88, 87, 86, 85, 84, 71, 61, 51, 42, 34, 35, 27, 26, 19, 18, 25, 32, 33, 41, 50, 60, 70, 82, 93, 83, 94, 104, 105, 116, 117, 129, 141, 153, 152, 163, 164, 165, 154, 142, 130, 118, 106, 95, 96, 97, 98, 99, 89, 78]
19,[52, 78, 89, 99, 110, 121, 132, 143, 142, 152, 151, 150, 161, 162, 172, 163, 164, 173, 174, 165, 166, 155, 154, 153, 142, 131, 119, 118, 130, 141, 140, 128, 116, 106, 95, 94, 83, 82, 93, 92, 103, 104, 105, 117, 107, 96, 85, 86, 74, 75, 76, 77, 78]
20,[52, 78, 90, 101, 100, 111, 122, 133, 134, 145, 144, 143, 142, 152, 163, 164, 173, 181, 182, 183, 175, 174, 165, 166, 155, 154, 153, 141, 129, 117, 106, 105, 104, 93, 82, 71, 84, 85, 73, 72, 61, 60, 70, 83, 94, 95, 96, 107, 108, 109, 99, 89, 78]
21,[53, 78, 90, 101, 100, 111, 122, 121, 120, 119, 108, 109, 98, 97, 96, 107, 106, 95, 84, 94, 83, 70, 69, 82, 81, 91, 102, 103, 92, 93, 104, 105, 116, 117, 118, 130, 141, 151, 152, 163, 164, 165, 154, 153, 142, 131, 143, 132, 121, 110, 99, 88, 77, 78]
22,[51, 78, 77, 88, 98, 110, 121, 133, 145, 156, 167, 155, 144, 143, 154, 165, 166, 174, 173, 172, 164, 163, 152, 153, 142, 141, 129, 118, 117, 116, 115, 103, 104, 93, 92, 81, 82, 70, 71, 83, 84, 94, 105, 106, 95, 96, 107, 108, 109, 99, 89, 78]
23,[53, 78, 90, 101, 100, 111, 122, 133, 134, 135, 136, 137, 148, 147, 146, 145, 156, 155, 167, 166, 154, 143, 142, 153, 165, 174, 173, 164, 163, 151, 152, 141, 140, 129, 118, 107, 106, 105, 104, 93, 92, 91, 80, 81, 82, 94, 83, 95, 96, 97, 98, 99, 89, 78]
24,[49, 78, 77, 88, 100, 111, 122, 133, 144, 143, 154, 155, 166, 165, 173, 164, 153, 142, 130, 118, 107, 117, 106, 116, 104, 93, 81, 80, 92, 91, 102, 103, 114, 115, 105, 94, 84, 72, 61, 71, 70, 82, 83, 95, 96, 108, 109, 99, 89, 78]
25,[51, 78, 90, 101, 100, 111, 110, 121, 132, 143, 142, 154, 155, 167, 175, 166, 174, 165, 164, 173, 163, 153, 152, 151, 140, 141, 129, 118, 117, 116, 104, 105, 95, 85, 84, 83, 82, 81, 92, 91, 102, 103, 93, 94, 106, 107, 96, 97, 98, 99, 89, 78]
26,[51, 78, 90, 100, 111, 110, 109, 120, 119, 108, 96, 95, 106, 117, 116, 104, 93, 92, 82, 83, 94, 105, 115, 127, 128, 129, 140, 151, 162, 152, 141, 153, 163, 164, 173, 165, 174, 175, 166, 155, 154, 143, 142, 131, 130, 118, 107, 97, 98, 99, 89, 78]
27,[53, 78, 77, 76, 75, 74, 73, 72, 84, 95, 106, 107, 108, 109, 120, 119, 118, 130, 141, 142, 143, 154, 155, 167, 166, 165, 174, 173, 163, 164, 153, 152, 151, 140, 129, 117, 116, 105, 104, 103, 92, 81, 93, 82, 83, 94, 95, 96, 85, 97, 98, 99, 89, 78]
28,[52, 78, 77, 76, 75, 74, 73, 72, 61, 71, 70, 81, 80, 91, 92, 103, 114, 115, 116, 117, 107, 108, 119, 130, 142, 153, 143, 154, 165, 164, 163, 162, 151, 152, 141, 129, 118, 106, 105, 104, 94, 93, 82, 83, 95, 84, 96, 85, 86, 87, 88, 89, 78]
29,[53, 78, 90, 101, 100, 111, 110, 109, 108, 119, 130, 131, 142, 141, 153, 143, 144, 155, 154, 165, 166, 156, 167, 176, 175, 174, 182, 181, 173, 164, 163, 152, 151, 140, 129, 118, 107, 106, 105, 104, 103, 93, 92, 81, 82, 94, 83, 95, 96, 97, 98, 99, 89, 78]
0,[52, 78, 90, 100, 89, 76, 75, 74, 73, 84, 72, 71, 83, 82, 70, 60, 59, 69, 81, 92, 103, 104, 93, 105, 94, 95, 107, 108, 119, 130, 142, 153, 143, 154, 165, 164, 173, 163, 152, 151, 140, 129, 118, 117, 116, 106, 96, 85, 86, 87, 88, 77, 78]
1,[52, 78, 90, 101, 100, 111, 110, 121, 132, 143, 144, 155, 154, 166, 165, 174, 173, 164, 163, 153, 142, 131, 119, 107, 118, 129, 130, 141, 152, 151, 140, 139, 128, 116, 117, 106, 105, 104, 103, 91, 81, 82, 92, 93, 94, 83, 95, 96, 97, 98, 99, 89, 78]
2,[55, 78, 90, 101, 100, 99, 98, 109, 120, 131, 142, 141, 152, 163, 164, 173, 174, 165, 166, 167, 156, 155, 154, 153, 152, 151, 140, 129, 118, 108, 107, 96, 84, 83, 72, 71, 70, 82, 81, 92, 93, 94, 105, 104, 115, 116, 117, 106, 95, 96, 85, 86, 87, 88, 89, 78]
3,[53, 78, 90, 101, 112, 123, 134, 145, 135, 146, 157, 168, 177, 176, 175, 183, 182, 173, 174, 166, 167, 156, 155, 144, 143, 154, 165, 164, 153, 152, 141, 129, 118, 107, 106, 105, 116, 115, 114, 103, 104, 92, 93, 82, 83, 94, 95, 84, 96, 97, 98, 99, 89, 78]
4,[52, 78, 77, 90, 101, 112, 123, 134, 145, 157, 156, 167, 166, 175, 176, 184, 183, 189, 182, 174, 165, 153, 142, 141, 129, 130, 118, 107, 96, 84, 83, 94, 95, 106, 105, 104, 116, 117, 128, 140, 151, 152, 163, 164, 154, 155, 144, 133, 122, 111, 100, 89, 78]
5,[51, 78, 90, 100, 99, 98, 109, 108, 119, 130, 131, 142, 132, 144, 143, 154, 155, 166, 175, 183, 182, 174, 165, 153, 164, 163, 152, 141, 129, 117, 116, 106, 95, 83, 71, 82, 92, 103, 104, 93, 105, 94, 84, 85, 96, 107, 97, 86, 87, 88, 89, 78]
6,[52, 78, 77, 76, 75, 74, 73, 72, 84, 73, 85, 86, 87, 98, 109, 108, 120, 131, 132, 142, 143, 153, 154, 166, 165, 164, 163, 152, 141, 130, 119, 107, 118, 129, 140, 139, 128, 117, 106, 94, 105, 116, 104, 93, 82, 83, 95, 96, 97, 98, 99, 89, 78]
7,[52, 78, 77, 76, 88, 99, 109, 108, 119, 129, 128, 139, 140, 141, 153, 154, 155, 156, 157, 168, 167, 166, 174, 165, 164, 163, 152, 142, 131, 130, 119, 118, 107, 117, 116, 115, 104, 105, 106, 94, 82, 93, 83, 84, 95, 96, 85, 86, 97, 98, 99, 89, 78]
8,[52, 78, 90, 100, 99, 110, 121, 132, 143, 144, 155, 156, 167, 166, 175, 176, 184, 183, 182, 174, 181, 173, 164, 165, 154, 153, 152, 142, 141, 140, 128, 116, 115, 114, 103, 104, 94, 105, 93, 92, 82, 83, 95, 106, 117, 107, 96, 85, 86, 87, 88, 89, 78]
9,[52, 78, 90, 89, 99, 98, 109, 110, 121, 132, 131, 120, 119, 130, 141, 153, 142, 143, 155, 167, 166, 156, 144, 154, 165, 173, 164, 163, 152, 151, 140, 129, 117, 118, 108, 107, 106, 105, 104, 93, 82, 83, 94, 84, 95, 96, 85, 86, 74, 75, 76, 77, 78]
10,[52, 78, 90, 100, 111, 110, 109, 120, 119, 130, 131, 142, 141, 152, 153, 143, 154, 155, 166, 165, 174, 173, 164, 163, 151, 140, 129, 117, 105, 116, 115, 104, 103, 92, 91, 80, 68, 69, 82, 70, 81, 93, 94, 83, 95, 106, 107, 96, 97, 98, 99, 89, 78]
11,[52, 78, 90, 100, 111, 122, 133, 144, 155, 154, 143, 142, 153, 164, 173, 165, 174, 182, 181, 172, 163, 152, 151, 140, 129, 118, 117, 105, 94, 83, 84, 95, 96, 108, 107, 106, 116, 104, 93, 103, 92, 81, 82, 70, 71, 72, 85, 86, 97, 98, 99, 89, 78]
12,[52, 78, 77, 76, 75, 74, 73, 72, 73, 85, 86, 87, 88, 100, 110, 121, 132, 143, 154, 155, 166, 165, 164, 163, 153, 152, 151, 140, 129, 117, 116, 115, 104, 94, 95, 84, 83, 82, 70, 81, 91, 103, 92, 93, 105, 106, 107, 96, 97, 98, 99, 89, 78]
13,[53, 78, 77, 76, 75, 64, 63, 62, 72, 73, 74, 86, 87, 98, 108, 107, 118, 119, 130, 141, 142, 143, 155, 156, 145, 144, 143, 154, 153, 152, 151, 140, 129, 128, 117, 116, 106, 105, 104, 103, 92, 93, 82, 83, 94, 95, 84, 85, 96, 97, 109, 99, 89, 78]
14,[53, 78, 77, 76, 75, 64, 54, 45, 37, 36, 35, 34, 42, 51, 61, 62, 52, 43, 44, 53, 63, 72, 73, 86, 85, 84, 83, 82, 93, 94, 95, 106, 117, 129, 141, 152, 151, 162, 163, 172, 173, 165, 164, 153, 154, 155, 144, 143, 132, 121, 110, 99, 89, 78]
15,[53, 78, 90, 100, 111, 122, 133, 144, 143, 155, 166, 167, 168, 177, 178, 179, 187, 186, 185, 192, 191, 184, 176, 175, 174, 164, 165, 154, 153, 163, 152, 151, 140, 129, 118, 117, 116, 115, 104, 105, 106, 94, 93, 82, 71, 83, 84, 95, 96, 97, 98, 99, 89, 78]
16,[53, 78, 90, 100, 111, 110, 109, 120, 131, 142, 143, 144, 145, 146, 157, 168, 167, 156, 155, 166, 165, 154, 153, 164, 163, 152, 151, 140, 129, 118, 117, 116, 115, 105, 93, 82, 70, 81, 80, 91, 92, 103, 104, 94, 83, 95, 106, 107, 96, 97, 98, 99, 89, 78]
17,[51, 78, 90, 100, 110, 120, 131, 142, 143, 144, 145, 157, 167, 156, 155, 166, 175, 174, 165, 173, 172, 163, 164, 154, 153, 152, 141, 129, 118, 107, 106, 95, 94, 104, 105, 116, 115, 103, 91, 92, 81, 93, 82, 83, 84, 85, 96, 97, 98, 99, 89, 78]
18,[51, 78, 90, 100, 110, 109, 108, 119, 118, 117, 128, 127, 116, 115, 114, 126, 138, 139, 150, 162, 172, 173, 174, 165, 175, 166, 155, 154, 153, 164, 152, 163, 162, 151, 141, 130, 118, 106, 95, 94, 105, 104, 93, 82, 83, 84, 96, 97, 98, 99, 89, 78]
19,[51, 78, 89, 99, 98, 109, 97, 108, 119, 130, 140, 151, 162, 163, 172, 173, 164, 174, 165, 175, 176, 177, 168, 167, 166, 155, 154, 142, 153, 152, 141, 129, 117, 116, 105, 95, 84, 83, 82, 92, 93, 104, 94, 106, 96, 85, 86, 74, 75, 76, 77, 78]
20,[53, 78, 77, 76, 75, 74, 73, 72, 62, 52, 43, 35, 26, 34, 42, 51, 61, 71, 83, 84, 85, 86, 87, 98, 97, 108, 119, 130, 142, 154, 165, 164, 153, 152, 151, 150, 138, 127, 116, 105, 104, 92, 93, 82, 94, 95, 96, 108, 109, 110, 99, 88, 89, 78]
21,[52, 78, 90, 100, 111, 122, 133, 144, 143, 142, 154, 155, 156, 167, 176, 166, 165, 174, 175, 182, 181, 173, 164, 153, 163, 151, 162, 152, 141, 129, 118, 117, 106, 107, 108, 97, 85, 84, 83, 82, 93, 92, 103, 104, 105, 94, 95, 96, 86, 87, 88, 89, 78]
22,[49, 78, 90, 101, 100, 111, 110, 121, 120, 119, 129, 141, 152, 151, 163, 164, 153, 165, 173, 174, 166, 155, 154, 143, 142, 130, 118, 117, 105, 104, 103, 102, 91, 92, 81, 82, 71, 84, 83, 93, 94, 106, 95, 107, 96, 108, 109, 99, 89, 78]
23,[53, 78, 77, 90, 101, 100, 99, 98, 97, 108, 119, 130, 141, 142, 143, 154, 155, 166, 156, 168, 167, 176, 175, 183, 182, 174, 165, 173, 164, 153, 163, 152, 151, 140, 128, 116, 105, 104, 103, 102, 91, 92, 93, 82, 83, 94, 95, 84, 85, 86, 87, 88, 89, 78]
24,[51, 78, 77, 76, 75, 87, 88, 100, 110, 121, 132, 143, 155, 166, 154, 165, 164, 163, 153, 152, 142, 131, 130, 119, 107, 106, 105, 104, 103, 92, 81, 69, 70, 82, 93, 83, 84, 94, 95, 106, 117, 128, 140, 141, 129, 118, 108, 97, 98, 99, 89, 78]
25,[52, 78, 90, 100, 111, 110, 121, 132, 143, 144, 155, 166, 175, 174, 182, 181, 173, 172, 171, 162, 151, 140, 141, 153, 165, 154, 164, 163, 152, 151, 150, 139, 127, 115, 116, 117, 106, 105, 94, 104, 93, 82, 83, 71, 84, 95, 107, 96, 97, 98, 99, 89, 78]
26,[52, 78, 77, 88, 87, 86, 97, 108, 107, 119, 118, 117, 116, 115, 103, 114, 103, 93, 94, 105, 104, 103, 92, 91, 79, 80, 81, 82, 83, 84, 96, 95, 106, 117, 128, 129, 140, 151, 152, 163, 173, 174, 165, 164, 153, 154, 142, 131, 120, 109, 99, 89, 78]
27,[53, 78, 77, 76, 75, 74, 63, 73, 62, 72, 84, 71, 61, 60, 70, 69, 81, 92, 91, 103, 104, 93, 82, 83, 94, 105, 116, 117, 118, 129, 130, 141, 142, 153, 154, 165, 173, 164, 163, 152, 151, 140, 128, 117, 106, 95, 107, 96, 85, 86, 87, 88, 89, 78]
28,[52, 78, 77, 66, 76, 88, 99, 109, 108, 107, 118, 119, 130, 141, 142, 143, 144, 155, 167, 166, 154, 165, 174, 173, 172, 163, 164, 153, 152, 162, 151, 140, 129, 117, 106, 105, 104, 103, 93, 92, 81, 82, 71, 84, 83, 94, 95, 96, 97, 98, 99, 89, 78]
29,[52, 78, 77, 88, 87, 86, 97, 107, 118, 128, 127, 138, 139, 140, 151, 152, 141, 142, 143, 154, 155, 144, 156, 167, 166, 165, 153, 142, 131, 119, 130, 129, 117, 106, 105, 116, 115, 104, 103, 92, 93, 82, 94, 83, 84, 95, 96, 108, 109, 98, 99, 89, 78]
0,[51, 78, 90, 100, 110, 120, 130, 141, 152, 163, 172, 181, 182, 173, 174, 175, 176, 167, 156, 144, 133, 121, 131, 132, 143, 142, 153, 164, 165, 166, 155, 154, 153, 152, 140, 129, 117, 106, 105, 93, 104, 94, 83, 84, 95, 96, 85, 86, 87, 88, 89, 78]
1,[52, 78, 90, 100, 111, 110, 109, 120, 131, 142, 153, 164, 165, 166, 155, 167, 175, 174, 182, 181, 173, 172, 163, 162, 151, 140, 152, 141, 153, 154, 143, 142, 130, 119, 108, 118, 107, 106, 105, 117, 116, 115, 104, 93, 94, 83, 95, 96, 97, 98, 99, 89, 78]
2,[52, 78, 90, 100, 110, 109, 120, 131, 143, 154, 164, 173, 174, 175, 176, 167, 166, 165, 155, 154, 153, 142, 141, 152, 151, 140, 129, 118, 117, 116, 105, 104, 115, 103, 93, 92, 81, 82, 69, 70, 71, 83, 94, 84, 95, 106, 107, 96, 97, 98, 99, 89, 78]
3,[51, 78, 90, 77, 76, 75, 74, 63, 73, 72, 61, 71, 70, 82, 83, 84, 96, 107, 118, 129, 130, 141, 142, 153, 154, 155, 165, 166, 174, 173, 164, 163, 152, 151, 140, 128, 116, 104, 93, 92, 103, 115, 105, 94, 106, 95, 85, 86, 87, 88, 89, 78]
4,[52, 78, 90, 100, 110, 109, 108, 97, 107, 96, 95, 83, 82, 81, 92, 93, 104, 115, 116, 117, 128, 140, 151, 162, 163, 172, 164, 173, 174, 165, 166, 155, 154, 142, 153, 152, 141, 129, 118, 106, 105, 94, 83, 71, 84, 72, 73, 85, 86, 87, 88, 89, 78]
5,[52, 78, 77, 76, 88, 100, 111, 122, 133, 144, 145, 146, 157, 168, 176, 183, 175, 174, 173, 164, 163, 172, 162, 151, 140, 129, 117, 116, 105, 104, 93, 83, 94, 95, 106, 118, 130, 141, 152, 153, 154, 165, 166, 167, 156, 155, 143, 132, 121, 110, 99, 89, 78]
6,[53, 78, 77, 66, 55, 54, 63, 62, 61, 60, 59, 58, 48, 49, 50, 51, 61, 71, 72, 73, 74, 64, 65, 66, 76, 75, 87, 86, 85, 84, 95, 94, 83, 82, 81, 82, 93, 92, 103, 104, 116, 115, 105, 117, 106, 107, 96, 108, 97, 98, 99, 88, 89, 78]
7,[53, 78, 90, 100, 111, 122, 121, 120, 131, 142, 141, 152, 163, 164, 153, 165, 154, 143, 132, 121, 110, 99, 98, 97, 96, 84, 83, 82, 70, 60, 61, 71, 72, 85, 95, 94, 105, 106, 117, 128, 139, 150, 161, 162, 151, 140, 129, 118, 107, 108, 109, 99, 89, 78]
8,[53, 78, 90, 101, 100, 111, 110, 121, 120, 108, 119, 130, 131, 132, 143, 144, 155, 156, 167, 176, 175, 166, 154, 142, 141, 153, 165, 174, 173, 164, 163, 162, 151, 140, 129, 118, 117, 116, 115, 104, 92, 93, 94, 105, 106, 95, 84, 96, 97, 98, 99, 100, 89, 78]
9,[52, 78, 90, 77, 76, 66, 65, 75, 87, 88, 99, 100, 111, 122, 133, 143, 144, 145, 146, 157, 156, 168, 167, 166, 165, 155, 154, 153, 164, 173, 163, 152, 151, 140, 129, 118, 107, 117, 106, 94, 83, 82, 93, 104, 105, 95, 84, 96, 97, 98, 99, 89, 78]
10,[52, 78, 90, 100, 99, 110, 121, 132, 143, 154, 153, 152, 151, 150, 161, 162, 163, 164, 153, 141, 129, 117, 105, 104, 93, 83, 71, 72, 84, 85, 95, 94, 82, 81, 92, 103, 114, 115, 126, 127, 116, 117, 118, 108, 107, 106, 96, 97, 86, 87, 88, 89, 78]
11,[51, 78, 90, 100, 111, 110, 109, 108, 119, 130, 142, 131, 143, 144, 155, 166, 154, 165, 174, 164, 173, 163, 162, 151, 152, 153, 141, 140, 129, 117, 118, 107, 106, 95, 83, 84, 94, 105, 116, 104, 93, 82, 70, 71, 72, 85, 96, 97, 98, 99, 89, 78]
12,[53, 78, 77, 76, 75, 74, 73, 72, 71, 70, 82, 83, 72, 84, 72, 73, 85, 96, 107, 108, 119, 130, 142, 153, 154, 155, 166, 174, 165, 164, 163, 152, 151, 140, 129, 118, 117, 116, 104, 103, 92, 91, 81, 93, 94, 105, 106, 95, 96, 97, 98, 99, 89, 78]
13,[51, 78, 89, 99, 98, 109, 110, 121, 133, 144, 155, 156, 145, 133, 132, 131, 120, 119, 108, 97, 85, 84, 71, 83, 70, 82, 93, 104, 116, 106, 107, 118, 130, 142, 143, 154, 153, 152, 151, 140, 129, 117, 105, 94, 95, 96, 85, 86, 87, 88, 77, 78]
14,[49, 78, 90, 100, 111, 122, 133, 144, 143, 155, 167, 166, 174, 165, 154, 164, 163, 153, 141, 129, 117, 116, 105, 104, 103, 92, 91, 81, 82, 93, 83, 84, 95, 94, 106, 107, 118, 128, 140, 151, 152, 142, 130, 119, 108, 97, 98, 99, 89, 78]
15,[52, 78, 90, 101, 100, 111, 122, 133, 144, 155, 156, 167, 166, 174, 173, 165, 154, 153, 163, 164, 172, 171, 162, 152, 142, 141, 140, 128, 116, 117, 106, 95, 94, 84, 83, 82, 93, 81, 80, 91, 92, 103, 104, 105, 106, 107, 96, 85, 86, 87, 88, 89, 78]
16,[53, 78, 90, 101, 100, 111, 110, 121, 132, 133, 134, 146, 145, 144, 155, 156, 167, 166, 165, 154, 153, 164, 163, 152, 142, 141, 129, 118, 117, 116, 115, 104, 93, 82, 81, 80, 92, 91, 102, 103, 104, 105, 94, 83, 95, 106, 107, 96, 85, 97, 98, 99, 89, 78]
17,[52, 78, 77, 76, 88, 99, 110, 121, 132, 143, 155, 154, 166, 165, 174, 175, 183, 182, 189, 181, 173, 164, 163, 152, 153, 142, 141, 129, 118, 117, 116, 105, 106, 95, 83, 71, 82, 70, 69, 81, 92, 104, 93, 94, 84, 96, 107, 108, 97, 98, 99, 89, 78]
18,[52, 78, 77, 76, 75, 74, 65, 64, 54, 44, 53, 63, 73, 85, 84, 83, 82, 81, 92, 103, 93, 104, 115, 116, 128, 140, 151, 152, 153, 164, 163, 172, 173, 174, 165, 166, 154, 142, 141, 129, 118, 107, 117, 106, 105, 94, 95, 96, 97, 98, 99, 89, 78]
19,[53, 78, 89, 99, 110, 121, 120, 109, 108, 119, 130, 140, 151, 162, 163, 173, 164, 165, 166, 155, 154, 143, 142, 153, 152, 141, 129, 118, 107, 96, 84, 83, 82, 81, 92, 93, 104, 103, 115, 116, 117, 106, 105, 94, 95, 85, 86, 97, 98, 87, 75, 76, 77, 78]
20,[53, 78, 89, 77, 66, 65, 64, 73, 63, 62, 72, 84, 83, 82, 81, 92, 103, 104, 93, 94, 95, 106, 105, 115, 116, 117, 128, 139, 150, 162, 151, 152, 163, 172, 173, 164, 165, 174, 166, 155, 154, 153, 142, 130, 118, 107, 96, 85, 86, 74, 75, 76, 77, 78]
21,[52, 78, 77, 76, 75, 74, 86, 97, 98, 109, 120, 130, 129, 118, 119, 108, 107, 96, 85, 72, 84, 95, 105, 104, 93, 92, 82, 83, 94, 106, 116, 117, 128, 140, 151, 163, 164, 173, 174, 165, 166, 155, 154, 153, 152, 142, 143, 132, 121, 110, 99, 89, 78]
22,[51, 78, 90, 100, 111, 110, 109, 108, 107, 118, 130, 140, 151, 163, 162, 172, 173, 174, 165, 166, 167, 156, 155, 154, 153, 164, 152, 141, 129, 117, 116, 104, 103, 102, 91, 81, 92, 82, 83, 94, 93, 105, 106, 95, 84, 85, 96, 97, 98, 99, 89, 78]
23,[52, 78, 90, 100, 111, 110, 121, 122, 123, 134, 133, 132, 142, 143, 144, 155, 166, 175, 183, 182, 181, 173, 174, 165, 154, 164, 153, 152, 163, 151, 140, 129, 118, 107, 106, 116, 105, 104, 103, 93, 92, 81, 82, 94, 83, 95, 84, 96, 97, 98, 99, 89, 78]
24,[51, 78, 77, 76, 75, 74, 73, 85, 86, 98, 110, 121, 132, 143, 155, 167, 175, 166, 154, 165, 174, 173, 164, 153, 142, 141, 152, 151, 140, 129, 118, 107, 95, 84, 72, 71, 83, 94, 82, 92, 93, 103, 104, 105, 106, 96, 97, 108, 109, 99, 89, 78]
25,[52, 78, 90, 101, 112, 101, 100, 111, 122, 121, 133, 144, 155, 156, 167, 176, 166, 175, 174, 173, 165, 164, 163, 162, 151, 152, 153, 154, 143, 142, 141, 140, 129, 118, 107, 95, 85, 84, 83, 93, 104, 92, 81, 82, 94, 105, 106, 96, 97, 98, 99, 89, 78]
26,[51, 78, 89, 99, 109, 120, 131, 132, 143, 142, 153, 154, 155, 167, 176, 177, 169, 168, 157, 156, 166, 165, 164, 163, 162, 151, 152, 141, 129, 128, 117, 116, 105, 104, 93, 92, 82, 94, 83, 95, 106, 107, 118, 108, 96, 85, 86, 97, 98, 88, 77, 78]
27,[52, 78, 77, 76, 75, 64, 53, 43, 34, 26, 18, 25, 33, 41, 50, 61, 71, 72, 84, 95, 94, 93, 104, 105, 106, 117, 118, 130, 141, 142, 153, 154, 166, 165, 174, 173, 164, 163, 152, 151, 140, 129, 119, 107, 108, 97, 96, 85, 86, 87, 88, 89, 78]
28,[53, 78, 90, 101, 100, 111, 122, 123, 124, 135, 134, 133, 132, 131, 120, 119, 108, 107, 106, 94, 95, 96, 107, 118, 130, 141, 142, 153, 143, 154, 166, 165, 164, 163, 152, 151, 140, 139, 128, 129, 117, 116, 105, 104, 93, 82, 83, 84, 85, 97, 98, 99, 89, 78]
29,[53, 78, 90, 100, 111, 110, 109, 120, 131, 142, 143, 144, 145, 156, 167, 176, 175, 183, 182, 174, 165, 166, 155, 154, 153, 164, 173, 163, 162, 151, 152, 141, 129, 118, 107, 106, 116, 115, 104, 103, 92, 81, 82, 93, 105, 94, 83, 95, 96, 97, 98, 99, 89, 78]
